TICK: 100000
ip= 6 [8, 817, 13, 973, 0, 6] addi [5, 1, 5] [8, 817, 13, 973, 0, 7]
TICK: 200000
ip=11 [8, 662, 26, 973, 0, 11] seti [2, 8, 5] [8, 662, 26, 973, 0, 2]
TICK: 300000
ip= 6 [8, 506, 39, 973, 0, 6] addi [5, 1, 5] [8, 506, 39, 973, 0, 7]
TICK: 400000
ip=11 [8, 351, 52, 973, 0, 11] seti [2, 8, 5] [8, 351, 52, 973, 0, 2]
TICK: 500000
ip= 6 [8, 195, 65, 973, 0, 6] addi [5, 1, 5] [8, 195, 65, 973, 0, 7]
TICK: 600000
ip=11 [8, 40, 78, 973, 0, 11] seti [2, 8, 5] [8, 40, 78, 973, 0, 2]
TICK: 700000
ip=11 [8, 858, 90, 973, 0, 11] seti [2, 8, 5] [8, 858, 90, 973, 0, 2]
TICK: 800000
ip= 6 [8, 702, 103, 973, 0, 6] addi [5, 1, 5] [8, 702, 103, 973, 0, 7]
TICK: 900000
ip=11 [8, 547, 116, 973, 0, 11] seti [2, 8, 5] [8, 547, 116, 973, 0, 2]
TICK: 1000000
ip= 6 [8, 391, 129, 973, 0, 6] addi [5, 1, 5] [8, 391, 129, 973, 0, 7]
TICK: 1100000
ip=11 [147, 236, 142, 973, 0, 11] seti [2, 8, 5] [147, 236, 142, 973, 0, 2]
TICK: 1200000
ip= 6 [147, 80, 155, 973, 0, 6] addi [5, 1, 5] [147, 80, 155, 973, 0, 7]
TICK: 1300000
ip= 6 [147, 898, 167, 973, 0, 6] addi [5, 1, 5] [147, 898, 167, 973, 0, 7]
TICK: 1400000
ip=11 [147, 743, 180, 973, 0, 11] seti [2, 8, 5] [147, 743, 180, 973, 0, 2]
TICK: 1500000
ip= 6 [147, 587, 193, 973, 0, 6] addi [5, 1, 5] [147, 587, 193, 973, 0, 7]
TICK: 1600000
ip=11 [147, 432, 206, 973, 0, 11] seti [2, 8, 5] [147, 432, 206, 973, 0, 2]
TICK: 1700000
ip= 6 [147, 276, 219, 973, 0, 6] addi [5, 1, 5] [147, 276, 219, 973, 0, 7]
TICK: 1800000
ip=11 [147, 121, 232, 973, 0, 11] seti [2, 8, 5] [147, 121, 232, 973, 0, 2]
TICK: 1900000
ip=11 [147, 939, 244, 973, 0, 11] seti [2, 8, 5] [147, 939, 244, 973, 0, 2]
TICK: 2000000
ip= 6 [147, 783, 257, 973, 0, 6] addi [5, 1, 5] [147, 783, 257, 973, 0, 7]
TICK: 2100000
ip=11 [147, 628, 270, 973, 0, 11] seti [2, 8, 5] [147, 628, 270, 973, 0, 2]
TICK: 2200000
ip= 6 [147, 472, 283, 973, 0, 6] addi [5, 1, 5] [147, 472, 283, 973, 0, 7]
TICK: 2300000
ip=11 [147, 317, 296, 973, 0, 11] seti [2, 8, 5] [147, 317, 296, 973, 0, 2]
TICK: 2400000
ip= 6 [147, 161, 309, 973, 0, 6] addi [5, 1, 5] [147, 161, 309, 973, 0, 7]
TICK: 2500000
ip=11 [147, 6, 322, 973, 0, 11] seti [2, 8, 5] [147, 6, 322, 973, 0, 2]
TICK: 2600000
ip=11 [147, 824, 334, 973, 0, 11] seti [2, 8, 5] [147, 824, 334, 973, 0, 2]
TICK: 2700000
ip= 6 [147, 668, 347, 973, 0, 6] addi [5, 1, 5] [147, 668, 347, 973, 0, 7]
TICK: 2800000
ip=11 [147, 513, 360, 973, 0, 11] seti [2, 8, 5] [147, 513, 360, 973, 0, 2]
TICK: 2900000
ip= 6 [147, 357, 373, 973, 0, 6] addi [5, 1, 5] [147, 357, 373, 973, 0, 7]
TICK: 3000000
ip=11 [147, 202, 386, 973, 0, 11] seti [2, 8, 5] [147, 202, 386, 973, 0, 2]
TICK: 3100000
ip= 6 [147, 46, 399, 973, 0, 6] addi [5, 1, 5] [147, 46, 399, 973, 0, 7]
TICK: 3200000
ip= 6 [147, 864, 411, 973, 0, 6] addi [5, 1, 5] [147, 864, 411, 973, 0, 7]
TICK: 3300000
ip=11 [147, 709, 424, 973, 0, 11] seti [2, 8, 5] [147, 709, 424, 973, 0, 2]
TICK: 3400000
ip= 6 [147, 553, 437, 973, 0, 6] addi [5, 1, 5] [147, 553, 437, 973, 0, 7]
TICK: 3500000
ip=11 [147, 398, 450, 973, 0, 11] seti [2, 8, 5] [147, 398, 450, 973, 0, 2]
TICK: 3600000
ip= 6 [147, 242, 463, 973, 0, 6] addi [5, 1, 5] [147, 242, 463, 973, 0, 7]
TICK: 3700000
ip=11 [147, 87, 476, 973, 0, 11] seti [2, 8, 5] [147, 87, 476, 973, 0, 2]
TICK: 3800000
ip=11 [147, 905, 488, 973, 0, 11] seti [2, 8, 5] [147, 905, 488, 973, 0, 2]
TICK: 3900000
ip= 6 [147, 749, 501, 973, 0, 6] addi [5, 1, 5] [147, 749, 501, 973, 0, 7]
TICK: 4000000
ip=11 [147, 594, 514, 973, 0, 11] seti [2, 8, 5] [147, 594, 514, 973, 0, 2]
TICK: 4100000
ip= 6 [147, 438, 527, 973, 0, 6] addi [5, 1, 5] [147, 438, 527, 973, 0, 7]
TICK: 4200000
ip=11 [147, 283, 540, 973, 0, 11] seti [2, 8, 5] [147, 283, 540, 973, 0, 2]
TICK: 4300000
ip= 6 [147, 127, 553, 973, 0, 6] addi [5, 1, 5] [147, 127, 553, 973, 0, 7]
TICK: 4400000
ip= 6 [147, 945, 565, 973, 0, 6] addi [5, 1, 5] [147, 945, 565, 973, 0, 7]
TICK: 4500000
ip=11 [147, 790, 578, 973, 0, 11] seti [2, 8, 5] [147, 790, 578, 973, 0, 2]
TICK: 4600000
ip= 6 [147, 634, 591, 973, 0, 6] addi [5, 1, 5] [147, 634, 591, 973, 0, 7]
TICK: 4700000
ip=11 [147, 479, 604, 973, 0, 11] seti [2, 8, 5] [147, 479, 604, 973, 0, 2]
TICK: 4800000
ip= 6 [147, 323, 617, 973, 0, 6] addi [5, 1, 5] [147, 323, 617, 973, 0, 7]
TICK: 4900000
ip=11 [147, 168, 630, 973, 0, 11] seti [2, 8, 5] [147, 168, 630, 973, 0, 2]
TICK: 5000000
ip= 6 [147, 12, 643, 973, 0, 6] addi [5, 1, 5] [147, 12, 643, 973, 0, 7]
TICK: 5100000
ip= 6 [147, 830, 655, 973, 0, 6] addi [5, 1, 5] [147, 830, 655, 973, 0, 7]
TICK: 5200000
ip=11 [147, 675, 668, 973, 0, 11] seti [2, 8, 5] [147, 675, 668, 973, 0, 2]
TICK: 5300000
ip= 6 [147, 519, 681, 973, 0, 6] addi [5, 1, 5] [147, 519, 681, 973, 0, 7]
TICK: 5400000
ip=11 [147, 364, 694, 973, 0, 11] seti [2, 8, 5] [147, 364, 694, 973, 0, 2]
TICK: 5500000
ip= 6 [147, 208, 707, 973, 0, 6] addi [5, 1, 5] [147, 208, 707, 973, 0, 7]
TICK: 5600000
ip=11 [147, 53, 720, 973, 0, 11] seti [2, 8, 5] [147, 53, 720, 973, 0, 2]
TICK: 5700000
ip=11 [147, 871, 732, 973, 0, 11] seti [2, 8, 5] [147, 871, 732, 973, 0, 2]
TICK: 5800000
ip= 6 [147, 715, 745, 973, 0, 6] addi [5, 1, 5] [147, 715, 745, 973, 0, 7]
TICK: 5900000
ip=11 [147, 560, 758, 973, 0, 11] seti [2, 8, 5] [147, 560, 758, 973, 0, 2]
TICK: 6000000
ip= 6 [147, 404, 771, 973, 0, 6] addi [5, 1, 5] [147, 404, 771, 973, 0, 7]
TICK: 6100000
ip=11 [147, 249, 784, 973, 0, 11] seti [2, 8, 5] [147, 249, 784, 973, 0, 2]
TICK: 6200000
ip= 6 [147, 93, 797, 973, 0, 6] addi [5, 1, 5] [147, 93, 797, 973, 0, 7]
TICK: 6300000
ip= 6 [147, 911, 809, 973, 0, 6] addi [5, 1, 5] [147, 911, 809, 973, 0, 7]
TICK: 6400000
ip=11 [147, 756, 822, 973, 0, 11] seti [2, 8, 5] [147, 756, 822, 973, 0, 2]
TICK: 6500000
ip= 6 [147, 600, 835, 973, 0, 6] addi [5, 1, 5] [147, 600, 835, 973, 0, 7]
TICK: 6600000
ip=11 [147, 445, 848, 973, 0, 11] seti [2, 8, 5] [147, 445, 848, 973, 0, 2]
TICK: 6700000
ip= 6 [147, 289, 861, 973, 0, 6] addi [5, 1, 5] [147, 289, 861, 973, 0, 7]
TICK: 6800000
ip=11 [147, 134, 874, 973, 0, 11] seti [2, 8, 5] [147, 134, 874, 973, 0, 2]
TICK: 6900000
ip=11 [147, 952, 886, 973, 0, 11] seti [2, 8, 5] [147, 952, 886, 973, 0, 2]
TICK: 7000000
ip= 6 [147, 796, 899, 973, 0, 6] addi [5, 1, 5] [147, 796, 899, 973, 0, 7]
TICK: 7100000
ip=11 [147, 641, 912, 973, 0, 11] seti [2, 8, 5] [147, 641, 912, 973, 0, 2]
TICK: 7200000
ip= 6 [147, 485, 925, 973, 0, 6] addi [5, 1, 5] [147, 485, 925, 973, 0, 7]
TICK: 7300000
ip=11 [147, 330, 938, 973, 0, 11] seti [2, 8, 5] [147, 330, 938, 973, 0, 2]
TICK: 7400000
ip= 6 [147, 174, 951, 973, 0, 6] addi [5, 1, 5] [147, 174, 951, 973, 0, 7]
TICK: 7500000
ip=11 [147, 19, 964, 973, 0, 11] seti [2, 8, 5] [147, 19, 964, 973, 0, 2]
TICK: 7577001
ip= 8 [1120, 882, 973, 973, 0, 8] addi [1, 1, 1] [1120, 883, 973, 973, 0, 8]
TICK: 7577002
ip= 9 [1120, 883, 973, 973, 0, 9] gtrr [1, 3, 4] [1120, 883, 973, 973, 0, 9]
TICK: 7577003
ip=10 [1120, 883, 973, 973, 0, 10] addr [5, 4, 5] [1120, 883, 973, 973, 0, 10]
TICK: 7577004
ip=11 [1120, 883, 973, 973, 0, 11] seti [2, 8, 5] [1120, 883, 973, 973, 0, 2]
TICK: 7577005
ip= 3 [1120, 883, 973, 973, 0, 3] mulr [2, 1, 4] [1120, 883, 973, 973, 859159, 3]
TICK: 7577006
ip= 4 [1120, 883, 973, 973, 859159, 4] eqrr [4, 3, 4] [1120, 883, 973, 973, 0, 4]
TICK: 7577007
ip= 5 [1120, 883, 973, 973, 0, 5] addr [4, 5, 5] [1120, 883, 973, 973, 0, 5]
TICK: 7577008
ip= 6 [1120, 883, 973, 973, 0, 6] addi [5, 1, 5] [1120, 883, 973, 973, 0, 7]
TICK: 7577009
ip= 8 [1120, 883, 973, 973, 0, 8] addi [1, 1, 1] [1120, 884, 973, 973, 0, 8]
TICK: 7577010
ip= 9 [1120, 884, 973, 973, 0, 9] gtrr [1, 3, 4] [1120, 884, 973, 973, 0, 9]
TICK: 7577011
ip=10 [1120, 884, 973, 973, 0, 10] addr [5, 4, 5] [1120, 884, 973, 973, 0, 10]
TICK: 7577012
ip=11 [1120, 884, 973, 973, 0, 11] seti [2, 8, 5] [1120, 884, 973, 973, 0, 2]
TICK: 7577013
ip= 3 [1120, 884, 973, 973, 0, 3] mulr [2, 1, 4] [1120, 884, 973, 973, 860132, 3]
TICK: 7577014
ip= 4 [1120, 884, 973, 973, 860132, 4] eqrr [4, 3, 4] [1120, 884, 973, 973, 0, 4]
TICK: 7577015
ip= 5 [1120, 884, 973, 973, 0, 5] addr [4, 5, 5] [1120, 884, 973, 973, 0, 5]
TICK: 7577016
ip= 6 [1120, 884, 973, 973, 0, 6] addi [5, 1, 5] [1120, 884, 973, 973, 0, 7]
TICK: 7577017
ip= 8 [1120, 884, 973, 973, 0, 8] addi [1, 1, 1] [1120, 885, 973, 973, 0, 8]
TICK: 7577018
ip= 9 [1120, 885, 973, 973, 0, 9] gtrr [1, 3, 4] [1120, 885, 973, 973, 0, 9]
TICK: 7577019
ip=10 [1120, 885, 973, 973, 0, 10] addr [5, 4, 5] [1120, 885, 973, 973, 0, 10]
TICK: 7577020
ip=11 [1120, 885, 973, 973, 0, 11] seti [2, 8, 5] [1120, 885, 973, 973, 0, 2]
TICK: 7577021
ip= 3 [1120, 885, 973, 973, 0, 3] mulr [2, 1, 4] [1120, 885, 973, 973, 861105, 3]
TICK: 7577022
ip= 4 [1120, 885, 973, 973, 861105, 4] eqrr [4, 3, 4] [1120, 885, 973, 973, 0, 4]
TICK: 7577023
ip= 5 [1120, 885, 973, 973, 0, 5] addr [4, 5, 5] [1120, 885, 973, 973, 0, 5]
TICK: 7577024
ip= 6 [1120, 885, 973, 973, 0, 6] addi [5, 1, 5] [1120, 885, 973, 973, 0, 7]
TICK: 7577025
ip= 8 [1120, 885, 973, 973, 0, 8] addi [1, 1, 1] [1120, 886, 973, 973, 0, 8]
TICK: 7577026
ip= 9 [1120, 886, 973, 973, 0, 9] gtrr [1, 3, 4] [1120, 886, 973, 973, 0, 9]
TICK: 7577027
ip=10 [1120, 886, 973, 973, 0, 10] addr [5, 4, 5] [1120, 886, 973, 973, 0, 10]
TICK: 7577028
ip=11 [1120, 886, 973, 973, 0, 11] seti [2, 8, 5] [1120, 886, 973, 973, 0, 2]
TICK: 7577029
ip= 3 [1120, 886, 973, 973, 0, 3] mulr [2, 1, 4] [1120, 886, 973, 973, 862078, 3]
TICK: 7577030
ip= 4 [1120, 886, 973, 973, 862078, 4] eqrr [4, 3, 4] [1120, 886, 973, 973, 0, 4]
TICK: 7577031
ip= 5 [1120, 886, 973, 973, 0, 5] addr [4, 5, 5] [1120, 886, 973, 973, 0, 5]
TICK: 7577032
ip= 6 [1120, 886, 973, 973, 0, 6] addi [5, 1, 5] [1120, 886, 973, 973, 0, 7]
TICK: 7577033
ip= 8 [1120, 886, 973, 973, 0, 8] addi [1, 1, 1] [1120, 887, 973, 973, 0, 8]
TICK: 7577034
ip= 9 [1120, 887, 973, 973, 0, 9] gtrr [1, 3, 4] [1120, 887, 973, 973, 0, 9]
TICK: 7577035
ip=10 [1120, 887, 973, 973, 0, 10] addr [5, 4, 5] [1120, 887, 973, 973, 0, 10]
TICK: 7577036
ip=11 [1120, 887, 973, 973, 0, 11] seti [2, 8, 5] [1120, 887, 973, 973, 0, 2]
TICK: 7577037
ip= 3 [1120, 887, 973, 973, 0, 3] mulr [2, 1, 4] [1120, 887, 973, 973, 863051, 3]
TICK: 7577038
ip= 4 [1120, 887, 973, 973, 863051, 4] eqrr [4, 3, 4] [1120, 887, 973, 973, 0, 4]
TICK: 7577039
ip= 5 [1120, 887, 973, 973, 0, 5] addr [4, 5, 5] [1120, 887, 973, 973, 0, 5]
TICK: 7577040
ip= 6 [1120, 887, 973, 973, 0, 6] addi [5, 1, 5] [1120, 887, 973, 973, 0, 7]
TICK: 7577041
ip= 8 [1120, 887, 973, 973, 0, 8] addi [1, 1, 1] [1120, 888, 973, 973, 0, 8]
TICK: 7577042
ip= 9 [1120, 888, 973, 973, 0, 9] gtrr [1, 3, 4] [1120, 888, 973, 973, 0, 9]
TICK: 7577043
ip=10 [1120, 888, 973, 973, 0, 10] addr [5, 4, 5] [1120, 888, 973, 973, 0, 10]
TICK: 7577044
ip=11 [1120, 888, 973, 973, 0, 11] seti [2, 8, 5] [1120, 888, 973, 973, 0, 2]
TICK: 7577045
ip= 3 [1120, 888, 973, 973, 0, 3] mulr [2, 1, 4] [1120, 888, 973, 973, 864024, 3]
TICK: 7577046
ip= 4 [1120, 888, 973, 973, 864024, 4] eqrr [4, 3, 4] [1120, 888, 973, 973, 0, 4]
TICK: 7577047
ip= 5 [1120, 888, 973, 973, 0, 5] addr [4, 5, 5] [1120, 888, 973, 973, 0, 5]
TICK: 7577048
ip= 6 [1120, 888, 973, 973, 0, 6] addi [5, 1, 5] [1120, 888, 973, 973, 0, 7]
TICK: 7577049
ip= 8 [1120, 888, 973, 973, 0, 8] addi [1, 1, 1] [1120, 889, 973, 973, 0, 8]
TICK: 7577050
ip= 9 [1120, 889, 973, 973, 0, 9] gtrr [1, 3, 4] [1120, 889, 973, 973, 0, 9]
TICK: 7577051
ip=10 [1120, 889, 973, 973, 0, 10] addr [5, 4, 5] [1120, 889, 973, 973, 0, 10]
TICK: 7577052
ip=11 [1120, 889, 973, 973, 0, 11] seti [2, 8, 5] [1120, 889, 973, 973, 0, 2]
TICK: 7577053
ip= 3 [1120, 889, 973, 973, 0, 3] mulr [2, 1, 4] [1120, 889, 973, 973, 864997, 3]
TICK: 7577054
ip= 4 [1120, 889, 973, 973, 864997, 4] eqrr [4, 3, 4] [1120, 889, 973, 973, 0, 4]
TICK: 7577055
ip= 5 [1120, 889, 973, 973, 0, 5] addr [4, 5, 5] [1120, 889, 973, 973, 0, 5]
TICK: 7577056
ip= 6 [1120, 889, 973, 973, 0, 6] addi [5, 1, 5] [1120, 889, 973, 973, 0, 7]
TICK: 7577057
ip= 8 [1120, 889, 973, 973, 0, 8] addi [1, 1, 1] [1120, 890, 973, 973, 0, 8]
TICK: 7577058
ip= 9 [1120, 890, 973, 973, 0, 9] gtrr [1, 3, 4] [1120, 890, 973, 973, 0, 9]
TICK: 7577059
ip=10 [1120, 890, 973, 973, 0, 10] addr [5, 4, 5] [1120, 890, 973, 973, 0, 10]
TICK: 7577060
ip=11 [1120, 890, 973, 973, 0, 11] seti [2, 8, 5] [1120, 890, 973, 973, 0, 2]
TICK: 7577061
ip= 3 [1120, 890, 973, 973, 0, 3] mulr [2, 1, 4] [1120, 890, 973, 973, 865970, 3]
TICK: 7577062
ip= 4 [1120, 890, 973, 973, 865970, 4] eqrr [4, 3, 4] [1120, 890, 973, 973, 0, 4]
TICK: 7577063
ip= 5 [1120, 890, 973, 973, 0, 5] addr [4, 5, 5] [1120, 890, 973, 973, 0, 5]
TICK: 7577064
ip= 6 [1120, 890, 973, 973, 0, 6] addi [5, 1, 5] [1120, 890, 973, 973, 0, 7]
TICK: 7577065
ip= 8 [1120, 890, 973, 973, 0, 8] addi [1, 1, 1] [1120, 891, 973, 973, 0, 8]
TICK: 7577066
ip= 9 [1120, 891, 973, 973, 0, 9] gtrr [1, 3, 4] [1120, 891, 973, 973, 0, 9]
TICK: 7577067
ip=10 [1120, 891, 973, 973, 0, 10] addr [5, 4, 5] [1120, 891, 973, 973, 0, 10]
TICK: 7577068
ip=11 [1120, 891, 973, 973, 0, 11] seti [2, 8, 5] [1120, 891, 973, 973, 0, 2]
TICK: 7577069
ip= 3 [1120, 891, 973, 973, 0, 3] mulr [2, 1, 4] [1120, 891, 973, 973, 866943, 3]
TICK: 7577070
ip= 4 [1120, 891, 973, 973, 866943, 4] eqrr [4, 3, 4] [1120, 891, 973, 973, 0, 4]
TICK: 7577071
ip= 5 [1120, 891, 973, 973, 0, 5] addr [4, 5, 5] [1120, 891, 973, 973, 0, 5]
TICK: 7577072
ip= 6 [1120, 891, 973, 973, 0, 6] addi [5, 1, 5] [1120, 891, 973, 973, 0, 7]
TICK: 7577073
ip= 8 [1120, 891, 973, 973, 0, 8] addi [1, 1, 1] [1120, 892, 973, 973, 0, 8]
TICK: 7577074
ip= 9 [1120, 892, 973, 973, 0, 9] gtrr [1, 3, 4] [1120, 892, 973, 973, 0, 9]
TICK: 7577075
ip=10 [1120, 892, 973, 973, 0, 10] addr [5, 4, 5] [1120, 892, 973, 973, 0, 10]
TICK: 7577076
ip=11 [1120, 892, 973, 973, 0, 11] seti [2, 8, 5] [1120, 892, 973, 973, 0, 2]
TICK: 7577077
ip= 3 [1120, 892, 973, 973, 0, 3] mulr [2, 1, 4] [1120, 892, 973, 973, 867916, 3]
TICK: 7577078
ip= 4 [1120, 892, 973, 973, 867916, 4] eqrr [4, 3, 4] [1120, 892, 973, 973, 0, 4]
TICK: 7577079
ip= 5 [1120, 892, 973, 973, 0, 5] addr [4, 5, 5] [1120, 892, 973, 973, 0, 5]
TICK: 7577080
ip= 6 [1120, 892, 973, 973, 0, 6] addi [5, 1, 5] [1120, 892, 973, 973, 0, 7]
TICK: 7577081
ip= 8 [1120, 892, 973, 973, 0, 8] addi [1, 1, 1] [1120, 893, 973, 973, 0, 8]
TICK: 7577082
ip= 9 [1120, 893, 973, 973, 0, 9] gtrr [1, 3, 4] [1120, 893, 973, 973, 0, 9]
TICK: 7577083
ip=10 [1120, 893, 973, 973, 0, 10] addr [5, 4, 5] [1120, 893, 973, 973, 0, 10]
TICK: 7577084
ip=11 [1120, 893, 973, 973, 0, 11] seti [2, 8, 5] [1120, 893, 973, 973, 0, 2]
TICK: 7577085
ip= 3 [1120, 893, 973, 973, 0, 3] mulr [2, 1, 4] [1120, 893, 973, 973, 868889, 3]
TICK: 7577086
ip= 4 [1120, 893, 973, 973, 868889, 4] eqrr [4, 3, 4] [1120, 893, 973, 973, 0, 4]
TICK: 7577087
ip= 5 [1120, 893, 973, 973, 0, 5] addr [4, 5, 5] [1120, 893, 973, 973, 0, 5]
TICK: 7577088
ip= 6 [1120, 893, 973, 973, 0, 6] addi [5, 1, 5] [1120, 893, 973, 973, 0, 7]
TICK: 7577089
ip= 8 [1120, 893, 973, 973, 0, 8] addi [1, 1, 1] [1120, 894, 973, 973, 0, 8]
TICK: 7577090
ip= 9 [1120, 894, 973, 973, 0, 9] gtrr [1, 3, 4] [1120, 894, 973, 973, 0, 9]
TICK: 7577091
ip=10 [1120, 894, 973, 973, 0, 10] addr [5, 4, 5] [1120, 894, 973, 973, 0, 10]
TICK: 7577092
ip=11 [1120, 894, 973, 973, 0, 11] seti [2, 8, 5] [1120, 894, 973, 973, 0, 2]
TICK: 7577093
ip= 3 [1120, 894, 973, 973, 0, 3] mulr [2, 1, 4] [1120, 894, 973, 973, 869862, 3]
TICK: 7577094
ip= 4 [1120, 894, 973, 973, 869862, 4] eqrr [4, 3, 4] [1120, 894, 973, 973, 0, 4]
TICK: 7577095
ip= 5 [1120, 894, 973, 973, 0, 5] addr [4, 5, 5] [1120, 894, 973, 973, 0, 5]
TICK: 7577096
ip= 6 [1120, 894, 973, 973, 0, 6] addi [5, 1, 5] [1120, 894, 973, 973, 0, 7]
TICK: 7577097
ip= 8 [1120, 894, 973, 973, 0, 8] addi [1, 1, 1] [1120, 895, 973, 973, 0, 8]
TICK: 7577098
ip= 9 [1120, 895, 973, 973, 0, 9] gtrr [1, 3, 4] [1120, 895, 973, 973, 0, 9]
TICK: 7577099
ip=10 [1120, 895, 973, 973, 0, 10] addr [5, 4, 5] [1120, 895, 973, 973, 0, 10]
TICK: 7577100
ip=11 [1120, 895, 973, 973, 0, 11] seti [2, 8, 5] [1120, 895, 973, 973, 0, 2]
TICK: 7577101
ip= 3 [1120, 895, 973, 973, 0, 3] mulr [2, 1, 4] [1120, 895, 973, 973, 870835, 3]
TICK: 7577102
ip= 4 [1120, 895, 973, 973, 870835, 4] eqrr [4, 3, 4] [1120, 895, 973, 973, 0, 4]
TICK: 7577103
ip= 5 [1120, 895, 973, 973, 0, 5] addr [4, 5, 5] [1120, 895, 973, 973, 0, 5]
TICK: 7577104
ip= 6 [1120, 895, 973, 973, 0, 6] addi [5, 1, 5] [1120, 895, 973, 973, 0, 7]
TICK: 7577105
ip= 8 [1120, 895, 973, 973, 0, 8] addi [1, 1, 1] [1120, 896, 973, 973, 0, 8]
TICK: 7577106
ip= 9 [1120, 896, 973, 973, 0, 9] gtrr [1, 3, 4] [1120, 896, 973, 973, 0, 9]
TICK: 7577107
ip=10 [1120, 896, 973, 973, 0, 10] addr [5, 4, 5] [1120, 896, 973, 973, 0, 10]
TICK: 7577108
ip=11 [1120, 896, 973, 973, 0, 11] seti [2, 8, 5] [1120, 896, 973, 973, 0, 2]
TICK: 7577109
ip= 3 [1120, 896, 973, 973, 0, 3] mulr [2, 1, 4] [1120, 896, 973, 973, 871808, 3]
TICK: 7577110
ip= 4 [1120, 896, 973, 973, 871808, 4] eqrr [4, 3, 4] [1120, 896, 973, 973, 0, 4]
TICK: 7577111
ip= 5 [1120, 896, 973, 973, 0, 5] addr [4, 5, 5] [1120, 896, 973, 973, 0, 5]
TICK: 7577112
ip= 6 [1120, 896, 973, 973, 0, 6] addi [5, 1, 5] [1120, 896, 973, 973, 0, 7]
TICK: 7577113
ip= 8 [1120, 896, 973, 973, 0, 8] addi [1, 1, 1] [1120, 897, 973, 973, 0, 8]
TICK: 7577114
ip= 9 [1120, 897, 973, 973, 0, 9] gtrr [1, 3, 4] [1120, 897, 973, 973, 0, 9]
TICK: 7577115
ip=10 [1120, 897, 973, 973, 0, 10] addr [5, 4, 5] [1120, 897, 973, 973, 0, 10]
TICK: 7577116
ip=11 [1120, 897, 973, 973, 0, 11] seti [2, 8, 5] [1120, 897, 973, 973, 0, 2]
TICK: 7577117
ip= 3 [1120, 897, 973, 973, 0, 3] mulr [2, 1, 4] [1120, 897, 973, 973, 872781, 3]
TICK: 7577118
ip= 4 [1120, 897, 973, 973, 872781, 4] eqrr [4, 3, 4] [1120, 897, 973, 973, 0, 4]
TICK: 7577119
ip= 5 [1120, 897, 973, 973, 0, 5] addr [4, 5, 5] [1120, 897, 973, 973, 0, 5]
TICK: 7577120
ip= 6 [1120, 897, 973, 973, 0, 6] addi [5, 1, 5] [1120, 897, 973, 973, 0, 7]
TICK: 7577121
ip= 8 [1120, 897, 973, 973, 0, 8] addi [1, 1, 1] [1120, 898, 973, 973, 0, 8]
TICK: 7577122
ip= 9 [1120, 898, 973, 973, 0, 9] gtrr [1, 3, 4] [1120, 898, 973, 973, 0, 9]
TICK: 7577123
ip=10 [1120, 898, 973, 973, 0, 10] addr [5, 4, 5] [1120, 898, 973, 973, 0, 10]
TICK: 7577124
ip=11 [1120, 898, 973, 973, 0, 11] seti [2, 8, 5] [1120, 898, 973, 973, 0, 2]
TICK: 7577125
ip= 3 [1120, 898, 973, 973, 0, 3] mulr [2, 1, 4] [1120, 898, 973, 973, 873754, 3]
TICK: 7577126
ip= 4 [1120, 898, 973, 973, 873754, 4] eqrr [4, 3, 4] [1120, 898, 973, 973, 0, 4]
TICK: 7577127
ip= 5 [1120, 898, 973, 973, 0, 5] addr [4, 5, 5] [1120, 898, 973, 973, 0, 5]
TICK: 7577128
ip= 6 [1120, 898, 973, 973, 0, 6] addi [5, 1, 5] [1120, 898, 973, 973, 0, 7]
TICK: 7577129
ip= 8 [1120, 898, 973, 973, 0, 8] addi [1, 1, 1] [1120, 899, 973, 973, 0, 8]
TICK: 7577130
ip= 9 [1120, 899, 973, 973, 0, 9] gtrr [1, 3, 4] [1120, 899, 973, 973, 0, 9]
TICK: 7577131
ip=10 [1120, 899, 973, 973, 0, 10] addr [5, 4, 5] [1120, 899, 973, 973, 0, 10]
TICK: 7577132
ip=11 [1120, 899, 973, 973, 0, 11] seti [2, 8, 5] [1120, 899, 973, 973, 0, 2]
TICK: 7577133
ip= 3 [1120, 899, 973, 973, 0, 3] mulr [2, 1, 4] [1120, 899, 973, 973, 874727, 3]
TICK: 7577134
ip= 4 [1120, 899, 973, 973, 874727, 4] eqrr [4, 3, 4] [1120, 899, 973, 973, 0, 4]
TICK: 7577135
ip= 5 [1120, 899, 973, 973, 0, 5] addr [4, 5, 5] [1120, 899, 973, 973, 0, 5]
TICK: 7577136
ip= 6 [1120, 899, 973, 973, 0, 6] addi [5, 1, 5] [1120, 899, 973, 973, 0, 7]
TICK: 7577137
ip= 8 [1120, 899, 973, 973, 0, 8] addi [1, 1, 1] [1120, 900, 973, 973, 0, 8]
TICK: 7577138
ip= 9 [1120, 900, 973, 973, 0, 9] gtrr [1, 3, 4] [1120, 900, 973, 973, 0, 9]
TICK: 7577139
ip=10 [1120, 900, 973, 973, 0, 10] addr [5, 4, 5] [1120, 900, 973, 973, 0, 10]
TICK: 7577140
ip=11 [1120, 900, 973, 973, 0, 11] seti [2, 8, 5] [1120, 900, 973, 973, 0, 2]
TICK: 7577141
ip= 3 [1120, 900, 973, 973, 0, 3] mulr [2, 1, 4] [1120, 900, 973, 973, 875700, 3]
TICK: 7577142
ip= 4 [1120, 900, 973, 973, 875700, 4] eqrr [4, 3, 4] [1120, 900, 973, 973, 0, 4]
TICK: 7577143
ip= 5 [1120, 900, 973, 973, 0, 5] addr [4, 5, 5] [1120, 900, 973, 973, 0, 5]
TICK: 7577144
ip= 6 [1120, 900, 973, 973, 0, 6] addi [5, 1, 5] [1120, 900, 973, 973, 0, 7]
TICK: 7577145
ip= 8 [1120, 900, 973, 973, 0, 8] addi [1, 1, 1] [1120, 901, 973, 973, 0, 8]
TICK: 7577146
ip= 9 [1120, 901, 973, 973, 0, 9] gtrr [1, 3, 4] [1120, 901, 973, 973, 0, 9]
TICK: 7577147
ip=10 [1120, 901, 973, 973, 0, 10] addr [5, 4, 5] [1120, 901, 973, 973, 0, 10]
TICK: 7577148
ip=11 [1120, 901, 973, 973, 0, 11] seti [2, 8, 5] [1120, 901, 973, 973, 0, 2]
TICK: 7577149
ip= 3 [1120, 901, 973, 973, 0, 3] mulr [2, 1, 4] [1120, 901, 973, 973, 876673, 3]
TICK: 7577150
ip= 4 [1120, 901, 973, 973, 876673, 4] eqrr [4, 3, 4] [1120, 901, 973, 973, 0, 4]
TICK: 7577151
ip= 5 [1120, 901, 973, 973, 0, 5] addr [4, 5, 5] [1120, 901, 973, 973, 0, 5]
TICK: 7577152
ip= 6 [1120, 901, 973, 973, 0, 6] addi [5, 1, 5] [1120, 901, 973, 973, 0, 7]
TICK: 7577153
ip= 8 [1120, 901, 973, 973, 0, 8] addi [1, 1, 1] [1120, 902, 973, 973, 0, 8]
TICK: 7577154
ip= 9 [1120, 902, 973, 973, 0, 9] gtrr [1, 3, 4] [1120, 902, 973, 973, 0, 9]
TICK: 7577155
ip=10 [1120, 902, 973, 973, 0, 10] addr [5, 4, 5] [1120, 902, 973, 973, 0, 10]
TICK: 7577156
ip=11 [1120, 902, 973, 973, 0, 11] seti [2, 8, 5] [1120, 902, 973, 973, 0, 2]
TICK: 7577157
ip= 3 [1120, 902, 973, 973, 0, 3] mulr [2, 1, 4] [1120, 902, 973, 973, 877646, 3]
TICK: 7577158
ip= 4 [1120, 902, 973, 973, 877646, 4] eqrr [4, 3, 4] [1120, 902, 973, 973, 0, 4]
TICK: 7577159
ip= 5 [1120, 902, 973, 973, 0, 5] addr [4, 5, 5] [1120, 902, 973, 973, 0, 5]
TICK: 7577160
ip= 6 [1120, 902, 973, 973, 0, 6] addi [5, 1, 5] [1120, 902, 973, 973, 0, 7]
TICK: 7577161
ip= 8 [1120, 902, 973, 973, 0, 8] addi [1, 1, 1] [1120, 903, 973, 973, 0, 8]
TICK: 7577162
ip= 9 [1120, 903, 973, 973, 0, 9] gtrr [1, 3, 4] [1120, 903, 973, 973, 0, 9]
TICK: 7577163
ip=10 [1120, 903, 973, 973, 0, 10] addr [5, 4, 5] [1120, 903, 973, 973, 0, 10]
TICK: 7577164
ip=11 [1120, 903, 973, 973, 0, 11] seti [2, 8, 5] [1120, 903, 973, 973, 0, 2]
TICK: 7577165
ip= 3 [1120, 903, 973, 973, 0, 3] mulr [2, 1, 4] [1120, 903, 973, 973, 878619, 3]
TICK: 7577166
ip= 4 [1120, 903, 973, 973, 878619, 4] eqrr [4, 3, 4] [1120, 903, 973, 973, 0, 4]
TICK: 7577167
ip= 5 [1120, 903, 973, 973, 0, 5] addr [4, 5, 5] [1120, 903, 973, 973, 0, 5]
TICK: 7577168
ip= 6 [1120, 903, 973, 973, 0, 6] addi [5, 1, 5] [1120, 903, 973, 973, 0, 7]
TICK: 7577169
ip= 8 [1120, 903, 973, 973, 0, 8] addi [1, 1, 1] [1120, 904, 973, 973, 0, 8]
TICK: 7577170
ip= 9 [1120, 904, 973, 973, 0, 9] gtrr [1, 3, 4] [1120, 904, 973, 973, 0, 9]
TICK: 7577171
ip=10 [1120, 904, 973, 973, 0, 10] addr [5, 4, 5] [1120, 904, 973, 973, 0, 10]
TICK: 7577172
ip=11 [1120, 904, 973, 973, 0, 11] seti [2, 8, 5] [1120, 904, 973, 973, 0, 2]
TICK: 7577173
ip= 3 [1120, 904, 973, 973, 0, 3] mulr [2, 1, 4] [1120, 904, 973, 973, 879592, 3]
TICK: 7577174
ip= 4 [1120, 904, 973, 973, 879592, 4] eqrr [4, 3, 4] [1120, 904, 973, 973, 0, 4]
TICK: 7577175
ip= 5 [1120, 904, 973, 973, 0, 5] addr [4, 5, 5] [1120, 904, 973, 973, 0, 5]
TICK: 7577176
ip= 6 [1120, 904, 973, 973, 0, 6] addi [5, 1, 5] [1120, 904, 973, 973, 0, 7]
TICK: 7577177
ip= 8 [1120, 904, 973, 973, 0, 8] addi [1, 1, 1] [1120, 905, 973, 973, 0, 8]
TICK: 7577178
ip= 9 [1120, 905, 973, 973, 0, 9] gtrr [1, 3, 4] [1120, 905, 973, 973, 0, 9]
TICK: 7577179
ip=10 [1120, 905, 973, 973, 0, 10] addr [5, 4, 5] [1120, 905, 973, 973, 0, 10]
TICK: 7577180
ip=11 [1120, 905, 973, 973, 0, 11] seti [2, 8, 5] [1120, 905, 973, 973, 0, 2]
TICK: 7577181
ip= 3 [1120, 905, 973, 973, 0, 3] mulr [2, 1, 4] [1120, 905, 973, 973, 880565, 3]
TICK: 7577182
ip= 4 [1120, 905, 973, 973, 880565, 4] eqrr [4, 3, 4] [1120, 905, 973, 973, 0, 4]
TICK: 7577183
ip= 5 [1120, 905, 973, 973, 0, 5] addr [4, 5, 5] [1120, 905, 973, 973, 0, 5]
TICK: 7577184
ip= 6 [1120, 905, 973, 973, 0, 6] addi [5, 1, 5] [1120, 905, 973, 973, 0, 7]
TICK: 7577185
ip= 8 [1120, 905, 973, 973, 0, 8] addi [1, 1, 1] [1120, 906, 973, 973, 0, 8]
TICK: 7577186
ip= 9 [1120, 906, 973, 973, 0, 9] gtrr [1, 3, 4] [1120, 906, 973, 973, 0, 9]
TICK: 7577187
ip=10 [1120, 906, 973, 973, 0, 10] addr [5, 4, 5] [1120, 906, 973, 973, 0, 10]
TICK: 7577188
ip=11 [1120, 906, 973, 973, 0, 11] seti [2, 8, 5] [1120, 906, 973, 973, 0, 2]
TICK: 7577189
ip= 3 [1120, 906, 973, 973, 0, 3] mulr [2, 1, 4] [1120, 906, 973, 973, 881538, 3]
TICK: 7577190
ip= 4 [1120, 906, 973, 973, 881538, 4] eqrr [4, 3, 4] [1120, 906, 973, 973, 0, 4]
TICK: 7577191
ip= 5 [1120, 906, 973, 973, 0, 5] addr [4, 5, 5] [1120, 906, 973, 973, 0, 5]
TICK: 7577192
ip= 6 [1120, 906, 973, 973, 0, 6] addi [5, 1, 5] [1120, 906, 973, 973, 0, 7]
TICK: 7577193
ip= 8 [1120, 906, 973, 973, 0, 8] addi [1, 1, 1] [1120, 907, 973, 973, 0, 8]
TICK: 7577194
ip= 9 [1120, 907, 973, 973, 0, 9] gtrr [1, 3, 4] [1120, 907, 973, 973, 0, 9]
TICK: 7577195
ip=10 [1120, 907, 973, 973, 0, 10] addr [5, 4, 5] [1120, 907, 973, 973, 0, 10]
TICK: 7577196
ip=11 [1120, 907, 973, 973, 0, 11] seti [2, 8, 5] [1120, 907, 973, 973, 0, 2]
TICK: 7577197
ip= 3 [1120, 907, 973, 973, 0, 3] mulr [2, 1, 4] [1120, 907, 973, 973, 882511, 3]
TICK: 7577198
ip= 4 [1120, 907, 973, 973, 882511, 4] eqrr [4, 3, 4] [1120, 907, 973, 973, 0, 4]
TICK: 7577199
ip= 5 [1120, 907, 973, 973, 0, 5] addr [4, 5, 5] [1120, 907, 973, 973, 0, 5]
TICK: 7577200
ip= 6 [1120, 907, 973, 973, 0, 6] addi [5, 1, 5] [1120, 907, 973, 973, 0, 7]
TICK: 7577201
ip= 8 [1120, 907, 973, 973, 0, 8] addi [1, 1, 1] [1120, 908, 973, 973, 0, 8]
TICK: 7577202
ip= 9 [1120, 908, 973, 973, 0, 9] gtrr [1, 3, 4] [1120, 908, 973, 973, 0, 9]
TICK: 7577203
ip=10 [1120, 908, 973, 973, 0, 10] addr [5, 4, 5] [1120, 908, 973, 973, 0, 10]
TICK: 7577204
ip=11 [1120, 908, 973, 973, 0, 11] seti [2, 8, 5] [1120, 908, 973, 973, 0, 2]
TICK: 7577205
ip= 3 [1120, 908, 973, 973, 0, 3] mulr [2, 1, 4] [1120, 908, 973, 973, 883484, 3]
TICK: 7577206
ip= 4 [1120, 908, 973, 973, 883484, 4] eqrr [4, 3, 4] [1120, 908, 973, 973, 0, 4]
TICK: 7577207
ip= 5 [1120, 908, 973, 973, 0, 5] addr [4, 5, 5] [1120, 908, 973, 973, 0, 5]
TICK: 7577208
ip= 6 [1120, 908, 973, 973, 0, 6] addi [5, 1, 5] [1120, 908, 973, 973, 0, 7]
TICK: 7577209
ip= 8 [1120, 908, 973, 973, 0, 8] addi [1, 1, 1] [1120, 909, 973, 973, 0, 8]
TICK: 7577210
ip= 9 [1120, 909, 973, 973, 0, 9] gtrr [1, 3, 4] [1120, 909, 973, 973, 0, 9]
TICK: 7577211
ip=10 [1120, 909, 973, 973, 0, 10] addr [5, 4, 5] [1120, 909, 973, 973, 0, 10]
TICK: 7577212
ip=11 [1120, 909, 973, 973, 0, 11] seti [2, 8, 5] [1120, 909, 973, 973, 0, 2]
TICK: 7577213
ip= 3 [1120, 909, 973, 973, 0, 3] mulr [2, 1, 4] [1120, 909, 973, 973, 884457, 3]
TICK: 7577214
ip= 4 [1120, 909, 973, 973, 884457, 4] eqrr [4, 3, 4] [1120, 909, 973, 973, 0, 4]
TICK: 7577215
ip= 5 [1120, 909, 973, 973, 0, 5] addr [4, 5, 5] [1120, 909, 973, 973, 0, 5]
TICK: 7577216
ip= 6 [1120, 909, 973, 973, 0, 6] addi [5, 1, 5] [1120, 909, 973, 973, 0, 7]
TICK: 7577217
ip= 8 [1120, 909, 973, 973, 0, 8] addi [1, 1, 1] [1120, 910, 973, 973, 0, 8]
TICK: 7577218
ip= 9 [1120, 910, 973, 973, 0, 9] gtrr [1, 3, 4] [1120, 910, 973, 973, 0, 9]
TICK: 7577219
ip=10 [1120, 910, 973, 973, 0, 10] addr [5, 4, 5] [1120, 910, 973, 973, 0, 10]
TICK: 7577220
ip=11 [1120, 910, 973, 973, 0, 11] seti [2, 8, 5] [1120, 910, 973, 973, 0, 2]
TICK: 7577221
ip= 3 [1120, 910, 973, 973, 0, 3] mulr [2, 1, 4] [1120, 910, 973, 973, 885430, 3]
TICK: 7577222
ip= 4 [1120, 910, 973, 973, 885430, 4] eqrr [4, 3, 4] [1120, 910, 973, 973, 0, 4]
TICK: 7577223
ip= 5 [1120, 910, 973, 973, 0, 5] addr [4, 5, 5] [1120, 910, 973, 973, 0, 5]
TICK: 7577224
ip= 6 [1120, 910, 973, 973, 0, 6] addi [5, 1, 5] [1120, 910, 973, 973, 0, 7]
TICK: 7577225
ip= 8 [1120, 910, 973, 973, 0, 8] addi [1, 1, 1] [1120, 911, 973, 973, 0, 8]
TICK: 7577226
ip= 9 [1120, 911, 973, 973, 0, 9] gtrr [1, 3, 4] [1120, 911, 973, 973, 0, 9]
TICK: 7577227
ip=10 [1120, 911, 973, 973, 0, 10] addr [5, 4, 5] [1120, 911, 973, 973, 0, 10]
TICK: 7577228
ip=11 [1120, 911, 973, 973, 0, 11] seti [2, 8, 5] [1120, 911, 973, 973, 0, 2]
TICK: 7577229
ip= 3 [1120, 911, 973, 973, 0, 3] mulr [2, 1, 4] [1120, 911, 973, 973, 886403, 3]
TICK: 7577230
ip= 4 [1120, 911, 973, 973, 886403, 4] eqrr [4, 3, 4] [1120, 911, 973, 973, 0, 4]
TICK: 7577231
ip= 5 [1120, 911, 973, 973, 0, 5] addr [4, 5, 5] [1120, 911, 973, 973, 0, 5]
TICK: 7577232
ip= 6 [1120, 911, 973, 973, 0, 6] addi [5, 1, 5] [1120, 911, 973, 973, 0, 7]
TICK: 7577233
ip= 8 [1120, 911, 973, 973, 0, 8] addi [1, 1, 1] [1120, 912, 973, 973, 0, 8]
TICK: 7577234
ip= 9 [1120, 912, 973, 973, 0, 9] gtrr [1, 3, 4] [1120, 912, 973, 973, 0, 9]
TICK: 7577235
ip=10 [1120, 912, 973, 973, 0, 10] addr [5, 4, 5] [1120, 912, 973, 973, 0, 10]
TICK: 7577236
ip=11 [1120, 912, 973, 973, 0, 11] seti [2, 8, 5] [1120, 912, 973, 973, 0, 2]
TICK: 7577237
ip= 3 [1120, 912, 973, 973, 0, 3] mulr [2, 1, 4] [1120, 912, 973, 973, 887376, 3]
TICK: 7577238
ip= 4 [1120, 912, 973, 973, 887376, 4] eqrr [4, 3, 4] [1120, 912, 973, 973, 0, 4]
TICK: 7577239
ip= 5 [1120, 912, 973, 973, 0, 5] addr [4, 5, 5] [1120, 912, 973, 973, 0, 5]
TICK: 7577240
ip= 6 [1120, 912, 973, 973, 0, 6] addi [5, 1, 5] [1120, 912, 973, 973, 0, 7]
TICK: 7577241
ip= 8 [1120, 912, 973, 973, 0, 8] addi [1, 1, 1] [1120, 913, 973, 973, 0, 8]
TICK: 7577242
ip= 9 [1120, 913, 973, 973, 0, 9] gtrr [1, 3, 4] [1120, 913, 973, 973, 0, 9]
TICK: 7577243
ip=10 [1120, 913, 973, 973, 0, 10] addr [5, 4, 5] [1120, 913, 973, 973, 0, 10]
TICK: 7577244
ip=11 [1120, 913, 973, 973, 0, 11] seti [2, 8, 5] [1120, 913, 973, 973, 0, 2]
TICK: 7577245
ip= 3 [1120, 913, 973, 973, 0, 3] mulr [2, 1, 4] [1120, 913, 973, 973, 888349, 3]
TICK: 7577246
ip= 4 [1120, 913, 973, 973, 888349, 4] eqrr [4, 3, 4] [1120, 913, 973, 973, 0, 4]
TICK: 7577247
ip= 5 [1120, 913, 973, 973, 0, 5] addr [4, 5, 5] [1120, 913, 973, 973, 0, 5]
TICK: 7577248
ip= 6 [1120, 913, 973, 973, 0, 6] addi [5, 1, 5] [1120, 913, 973, 973, 0, 7]
TICK: 7577249
ip= 8 [1120, 913, 973, 973, 0, 8] addi [1, 1, 1] [1120, 914, 973, 973, 0, 8]
TICK: 7577250
ip= 9 [1120, 914, 973, 973, 0, 9] gtrr [1, 3, 4] [1120, 914, 973, 973, 0, 9]
TICK: 7577251
ip=10 [1120, 914, 973, 973, 0, 10] addr [5, 4, 5] [1120, 914, 973, 973, 0, 10]
TICK: 7577252
ip=11 [1120, 914, 973, 973, 0, 11] seti [2, 8, 5] [1120, 914, 973, 973, 0, 2]
TICK: 7577253
ip= 3 [1120, 914, 973, 973, 0, 3] mulr [2, 1, 4] [1120, 914, 973, 973, 889322, 3]
TICK: 7577254
ip= 4 [1120, 914, 973, 973, 889322, 4] eqrr [4, 3, 4] [1120, 914, 973, 973, 0, 4]
TICK: 7577255
ip= 5 [1120, 914, 973, 973, 0, 5] addr [4, 5, 5] [1120, 914, 973, 973, 0, 5]
TICK: 7577256
ip= 6 [1120, 914, 973, 973, 0, 6] addi [5, 1, 5] [1120, 914, 973, 973, 0, 7]
TICK: 7577257
ip= 8 [1120, 914, 973, 973, 0, 8] addi [1, 1, 1] [1120, 915, 973, 973, 0, 8]
TICK: 7577258
ip= 9 [1120, 915, 973, 973, 0, 9] gtrr [1, 3, 4] [1120, 915, 973, 973, 0, 9]
TICK: 7577259
ip=10 [1120, 915, 973, 973, 0, 10] addr [5, 4, 5] [1120, 915, 973, 973, 0, 10]
TICK: 7577260
ip=11 [1120, 915, 973, 973, 0, 11] seti [2, 8, 5] [1120, 915, 973, 973, 0, 2]
TICK: 7577261
ip= 3 [1120, 915, 973, 973, 0, 3] mulr [2, 1, 4] [1120, 915, 973, 973, 890295, 3]
TICK: 7577262
ip= 4 [1120, 915, 973, 973, 890295, 4] eqrr [4, 3, 4] [1120, 915, 973, 973, 0, 4]
TICK: 7577263
ip= 5 [1120, 915, 973, 973, 0, 5] addr [4, 5, 5] [1120, 915, 973, 973, 0, 5]
TICK: 7577264
ip= 6 [1120, 915, 973, 973, 0, 6] addi [5, 1, 5] [1120, 915, 973, 973, 0, 7]
TICK: 7577265
ip= 8 [1120, 915, 973, 973, 0, 8] addi [1, 1, 1] [1120, 916, 973, 973, 0, 8]
TICK: 7577266
ip= 9 [1120, 916, 973, 973, 0, 9] gtrr [1, 3, 4] [1120, 916, 973, 973, 0, 9]
TICK: 7577267
ip=10 [1120, 916, 973, 973, 0, 10] addr [5, 4, 5] [1120, 916, 973, 973, 0, 10]
TICK: 7577268
ip=11 [1120, 916, 973, 973, 0, 11] seti [2, 8, 5] [1120, 916, 973, 973, 0, 2]
TICK: 7577269
ip= 3 [1120, 916, 973, 973, 0, 3] mulr [2, 1, 4] [1120, 916, 973, 973, 891268, 3]
TICK: 7577270
ip= 4 [1120, 916, 973, 973, 891268, 4] eqrr [4, 3, 4] [1120, 916, 973, 973, 0, 4]
TICK: 7577271
ip= 5 [1120, 916, 973, 973, 0, 5] addr [4, 5, 5] [1120, 916, 973, 973, 0, 5]
TICK: 7577272
ip= 6 [1120, 916, 973, 973, 0, 6] addi [5, 1, 5] [1120, 916, 973, 973, 0, 7]
TICK: 7577273
ip= 8 [1120, 916, 973, 973, 0, 8] addi [1, 1, 1] [1120, 917, 973, 973, 0, 8]
TICK: 7577274
ip= 9 [1120, 917, 973, 973, 0, 9] gtrr [1, 3, 4] [1120, 917, 973, 973, 0, 9]
TICK: 7577275
ip=10 [1120, 917, 973, 973, 0, 10] addr [5, 4, 5] [1120, 917, 973, 973, 0, 10]
TICK: 7577276
ip=11 [1120, 917, 973, 973, 0, 11] seti [2, 8, 5] [1120, 917, 973, 973, 0, 2]
TICK: 7577277
ip= 3 [1120, 917, 973, 973, 0, 3] mulr [2, 1, 4] [1120, 917, 973, 973, 892241, 3]
TICK: 7577278
ip= 4 [1120, 917, 973, 973, 892241, 4] eqrr [4, 3, 4] [1120, 917, 973, 973, 0, 4]
TICK: 7577279
ip= 5 [1120, 917, 973, 973, 0, 5] addr [4, 5, 5] [1120, 917, 973, 973, 0, 5]
TICK: 7577280
ip= 6 [1120, 917, 973, 973, 0, 6] addi [5, 1, 5] [1120, 917, 973, 973, 0, 7]
TICK: 7577281
ip= 8 [1120, 917, 973, 973, 0, 8] addi [1, 1, 1] [1120, 918, 973, 973, 0, 8]
TICK: 7577282
ip= 9 [1120, 918, 973, 973, 0, 9] gtrr [1, 3, 4] [1120, 918, 973, 973, 0, 9]
TICK: 7577283
ip=10 [1120, 918, 973, 973, 0, 10] addr [5, 4, 5] [1120, 918, 973, 973, 0, 10]
TICK: 7577284
ip=11 [1120, 918, 973, 973, 0, 11] seti [2, 8, 5] [1120, 918, 973, 973, 0, 2]
TICK: 7577285
ip= 3 [1120, 918, 973, 973, 0, 3] mulr [2, 1, 4] [1120, 918, 973, 973, 893214, 3]
TICK: 7577286
ip= 4 [1120, 918, 973, 973, 893214, 4] eqrr [4, 3, 4] [1120, 918, 973, 973, 0, 4]
TICK: 7577287
ip= 5 [1120, 918, 973, 973, 0, 5] addr [4, 5, 5] [1120, 918, 973, 973, 0, 5]
TICK: 7577288
ip= 6 [1120, 918, 973, 973, 0, 6] addi [5, 1, 5] [1120, 918, 973, 973, 0, 7]
TICK: 7577289
ip= 8 [1120, 918, 973, 973, 0, 8] addi [1, 1, 1] [1120, 919, 973, 973, 0, 8]
TICK: 7577290
ip= 9 [1120, 919, 973, 973, 0, 9] gtrr [1, 3, 4] [1120, 919, 973, 973, 0, 9]
TICK: 7577291
ip=10 [1120, 919, 973, 973, 0, 10] addr [5, 4, 5] [1120, 919, 973, 973, 0, 10]
TICK: 7577292
ip=11 [1120, 919, 973, 973, 0, 11] seti [2, 8, 5] [1120, 919, 973, 973, 0, 2]
TICK: 7577293
ip= 3 [1120, 919, 973, 973, 0, 3] mulr [2, 1, 4] [1120, 919, 973, 973, 894187, 3]
TICK: 7577294
ip= 4 [1120, 919, 973, 973, 894187, 4] eqrr [4, 3, 4] [1120, 919, 973, 973, 0, 4]
TICK: 7577295
ip= 5 [1120, 919, 973, 973, 0, 5] addr [4, 5, 5] [1120, 919, 973, 973, 0, 5]
TICK: 7577296
ip= 6 [1120, 919, 973, 973, 0, 6] addi [5, 1, 5] [1120, 919, 973, 973, 0, 7]
TICK: 7577297
ip= 8 [1120, 919, 973, 973, 0, 8] addi [1, 1, 1] [1120, 920, 973, 973, 0, 8]
TICK: 7577298
ip= 9 [1120, 920, 973, 973, 0, 9] gtrr [1, 3, 4] [1120, 920, 973, 973, 0, 9]
TICK: 7577299
ip=10 [1120, 920, 973, 973, 0, 10] addr [5, 4, 5] [1120, 920, 973, 973, 0, 10]
TICK: 7577300
ip=11 [1120, 920, 973, 973, 0, 11] seti [2, 8, 5] [1120, 920, 973, 973, 0, 2]
TICK: 7577301
ip= 3 [1120, 920, 973, 973, 0, 3] mulr [2, 1, 4] [1120, 920, 973, 973, 895160, 3]
TICK: 7577302
ip= 4 [1120, 920, 973, 973, 895160, 4] eqrr [4, 3, 4] [1120, 920, 973, 973, 0, 4]
TICK: 7577303
ip= 5 [1120, 920, 973, 973, 0, 5] addr [4, 5, 5] [1120, 920, 973, 973, 0, 5]
TICK: 7577304
ip= 6 [1120, 920, 973, 973, 0, 6] addi [5, 1, 5] [1120, 920, 973, 973, 0, 7]
TICK: 7577305
ip= 8 [1120, 920, 973, 973, 0, 8] addi [1, 1, 1] [1120, 921, 973, 973, 0, 8]
TICK: 7577306
ip= 9 [1120, 921, 973, 973, 0, 9] gtrr [1, 3, 4] [1120, 921, 973, 973, 0, 9]
TICK: 7577307
ip=10 [1120, 921, 973, 973, 0, 10] addr [5, 4, 5] [1120, 921, 973, 973, 0, 10]
TICK: 7577308
ip=11 [1120, 921, 973, 973, 0, 11] seti [2, 8, 5] [1120, 921, 973, 973, 0, 2]
TICK: 7577309
ip= 3 [1120, 921, 973, 973, 0, 3] mulr [2, 1, 4] [1120, 921, 973, 973, 896133, 3]
TICK: 7577310
ip= 4 [1120, 921, 973, 973, 896133, 4] eqrr [4, 3, 4] [1120, 921, 973, 973, 0, 4]
TICK: 7577311
ip= 5 [1120, 921, 973, 973, 0, 5] addr [4, 5, 5] [1120, 921, 973, 973, 0, 5]
TICK: 7577312
ip= 6 [1120, 921, 973, 973, 0, 6] addi [5, 1, 5] [1120, 921, 973, 973, 0, 7]
TICK: 7577313
ip= 8 [1120, 921, 973, 973, 0, 8] addi [1, 1, 1] [1120, 922, 973, 973, 0, 8]
TICK: 7577314
ip= 9 [1120, 922, 973, 973, 0, 9] gtrr [1, 3, 4] [1120, 922, 973, 973, 0, 9]
TICK: 7577315
ip=10 [1120, 922, 973, 973, 0, 10] addr [5, 4, 5] [1120, 922, 973, 973, 0, 10]
TICK: 7577316
ip=11 [1120, 922, 973, 973, 0, 11] seti [2, 8, 5] [1120, 922, 973, 973, 0, 2]
TICK: 7577317
ip= 3 [1120, 922, 973, 973, 0, 3] mulr [2, 1, 4] [1120, 922, 973, 973, 897106, 3]
TICK: 7577318
ip= 4 [1120, 922, 973, 973, 897106, 4] eqrr [4, 3, 4] [1120, 922, 973, 973, 0, 4]
TICK: 7577319
ip= 5 [1120, 922, 973, 973, 0, 5] addr [4, 5, 5] [1120, 922, 973, 973, 0, 5]
TICK: 7577320
ip= 6 [1120, 922, 973, 973, 0, 6] addi [5, 1, 5] [1120, 922, 973, 973, 0, 7]
TICK: 7577321
ip= 8 [1120, 922, 973, 973, 0, 8] addi [1, 1, 1] [1120, 923, 973, 973, 0, 8]
TICK: 7577322
ip= 9 [1120, 923, 973, 973, 0, 9] gtrr [1, 3, 4] [1120, 923, 973, 973, 0, 9]
TICK: 7577323
ip=10 [1120, 923, 973, 973, 0, 10] addr [5, 4, 5] [1120, 923, 973, 973, 0, 10]
TICK: 7577324
ip=11 [1120, 923, 973, 973, 0, 11] seti [2, 8, 5] [1120, 923, 973, 973, 0, 2]
TICK: 7577325
ip= 3 [1120, 923, 973, 973, 0, 3] mulr [2, 1, 4] [1120, 923, 973, 973, 898079, 3]
TICK: 7577326
ip= 4 [1120, 923, 973, 973, 898079, 4] eqrr [4, 3, 4] [1120, 923, 973, 973, 0, 4]
TICK: 7577327
ip= 5 [1120, 923, 973, 973, 0, 5] addr [4, 5, 5] [1120, 923, 973, 973, 0, 5]
TICK: 7577328
ip= 6 [1120, 923, 973, 973, 0, 6] addi [5, 1, 5] [1120, 923, 973, 973, 0, 7]
TICK: 7577329
ip= 8 [1120, 923, 973, 973, 0, 8] addi [1, 1, 1] [1120, 924, 973, 973, 0, 8]
TICK: 7577330
ip= 9 [1120, 924, 973, 973, 0, 9] gtrr [1, 3, 4] [1120, 924, 973, 973, 0, 9]
TICK: 7577331
ip=10 [1120, 924, 973, 973, 0, 10] addr [5, 4, 5] [1120, 924, 973, 973, 0, 10]
TICK: 7577332
ip=11 [1120, 924, 973, 973, 0, 11] seti [2, 8, 5] [1120, 924, 973, 973, 0, 2]
TICK: 7577333
ip= 3 [1120, 924, 973, 973, 0, 3] mulr [2, 1, 4] [1120, 924, 973, 973, 899052, 3]
TICK: 7577334
ip= 4 [1120, 924, 973, 973, 899052, 4] eqrr [4, 3, 4] [1120, 924, 973, 973, 0, 4]
TICK: 7577335
ip= 5 [1120, 924, 973, 973, 0, 5] addr [4, 5, 5] [1120, 924, 973, 973, 0, 5]
TICK: 7577336
ip= 6 [1120, 924, 973, 973, 0, 6] addi [5, 1, 5] [1120, 924, 973, 973, 0, 7]
TICK: 7577337
ip= 8 [1120, 924, 973, 973, 0, 8] addi [1, 1, 1] [1120, 925, 973, 973, 0, 8]
TICK: 7577338
ip= 9 [1120, 925, 973, 973, 0, 9] gtrr [1, 3, 4] [1120, 925, 973, 973, 0, 9]
TICK: 7577339
ip=10 [1120, 925, 973, 973, 0, 10] addr [5, 4, 5] [1120, 925, 973, 973, 0, 10]
TICK: 7577340
ip=11 [1120, 925, 973, 973, 0, 11] seti [2, 8, 5] [1120, 925, 973, 973, 0, 2]
TICK: 7577341
ip= 3 [1120, 925, 973, 973, 0, 3] mulr [2, 1, 4] [1120, 925, 973, 973, 900025, 3]
TICK: 7577342
ip= 4 [1120, 925, 973, 973, 900025, 4] eqrr [4, 3, 4] [1120, 925, 973, 973, 0, 4]
TICK: 7577343
ip= 5 [1120, 925, 973, 973, 0, 5] addr [4, 5, 5] [1120, 925, 973, 973, 0, 5]
TICK: 7577344
ip= 6 [1120, 925, 973, 973, 0, 6] addi [5, 1, 5] [1120, 925, 973, 973, 0, 7]
TICK: 7577345
ip= 8 [1120, 925, 973, 973, 0, 8] addi [1, 1, 1] [1120, 926, 973, 973, 0, 8]
TICK: 7577346
ip= 9 [1120, 926, 973, 973, 0, 9] gtrr [1, 3, 4] [1120, 926, 973, 973, 0, 9]
TICK: 7577347
ip=10 [1120, 926, 973, 973, 0, 10] addr [5, 4, 5] [1120, 926, 973, 973, 0, 10]
TICK: 7577348
ip=11 [1120, 926, 973, 973, 0, 11] seti [2, 8, 5] [1120, 926, 973, 973, 0, 2]
TICK: 7577349
ip= 3 [1120, 926, 973, 973, 0, 3] mulr [2, 1, 4] [1120, 926, 973, 973, 900998, 3]
TICK: 7577350
ip= 4 [1120, 926, 973, 973, 900998, 4] eqrr [4, 3, 4] [1120, 926, 973, 973, 0, 4]
TICK: 7577351
ip= 5 [1120, 926, 973, 973, 0, 5] addr [4, 5, 5] [1120, 926, 973, 973, 0, 5]
TICK: 7577352
ip= 6 [1120, 926, 973, 973, 0, 6] addi [5, 1, 5] [1120, 926, 973, 973, 0, 7]
TICK: 7577353
ip= 8 [1120, 926, 973, 973, 0, 8] addi [1, 1, 1] [1120, 927, 973, 973, 0, 8]
TICK: 7577354
ip= 9 [1120, 927, 973, 973, 0, 9] gtrr [1, 3, 4] [1120, 927, 973, 973, 0, 9]
TICK: 7577355
ip=10 [1120, 927, 973, 973, 0, 10] addr [5, 4, 5] [1120, 927, 973, 973, 0, 10]
TICK: 7577356
ip=11 [1120, 927, 973, 973, 0, 11] seti [2, 8, 5] [1120, 927, 973, 973, 0, 2]
TICK: 7577357
ip= 3 [1120, 927, 973, 973, 0, 3] mulr [2, 1, 4] [1120, 927, 973, 973, 901971, 3]
TICK: 7577358
ip= 4 [1120, 927, 973, 973, 901971, 4] eqrr [4, 3, 4] [1120, 927, 973, 973, 0, 4]
TICK: 7577359
ip= 5 [1120, 927, 973, 973, 0, 5] addr [4, 5, 5] [1120, 927, 973, 973, 0, 5]
TICK: 7577360
ip= 6 [1120, 927, 973, 973, 0, 6] addi [5, 1, 5] [1120, 927, 973, 973, 0, 7]
TICK: 7577361
ip= 8 [1120, 927, 973, 973, 0, 8] addi [1, 1, 1] [1120, 928, 973, 973, 0, 8]
TICK: 7577362
ip= 9 [1120, 928, 973, 973, 0, 9] gtrr [1, 3, 4] [1120, 928, 973, 973, 0, 9]
TICK: 7577363
ip=10 [1120, 928, 973, 973, 0, 10] addr [5, 4, 5] [1120, 928, 973, 973, 0, 10]
TICK: 7577364
ip=11 [1120, 928, 973, 973, 0, 11] seti [2, 8, 5] [1120, 928, 973, 973, 0, 2]
TICK: 7577365
ip= 3 [1120, 928, 973, 973, 0, 3] mulr [2, 1, 4] [1120, 928, 973, 973, 902944, 3]
TICK: 7577366
ip= 4 [1120, 928, 973, 973, 902944, 4] eqrr [4, 3, 4] [1120, 928, 973, 973, 0, 4]
TICK: 7577367
ip= 5 [1120, 928, 973, 973, 0, 5] addr [4, 5, 5] [1120, 928, 973, 973, 0, 5]
TICK: 7577368
ip= 6 [1120, 928, 973, 973, 0, 6] addi [5, 1, 5] [1120, 928, 973, 973, 0, 7]
TICK: 7577369
ip= 8 [1120, 928, 973, 973, 0, 8] addi [1, 1, 1] [1120, 929, 973, 973, 0, 8]
TICK: 7577370
ip= 9 [1120, 929, 973, 973, 0, 9] gtrr [1, 3, 4] [1120, 929, 973, 973, 0, 9]
TICK: 7577371
ip=10 [1120, 929, 973, 973, 0, 10] addr [5, 4, 5] [1120, 929, 973, 973, 0, 10]
TICK: 7577372
ip=11 [1120, 929, 973, 973, 0, 11] seti [2, 8, 5] [1120, 929, 973, 973, 0, 2]
TICK: 7577373
ip= 3 [1120, 929, 973, 973, 0, 3] mulr [2, 1, 4] [1120, 929, 973, 973, 903917, 3]
TICK: 7577374
ip= 4 [1120, 929, 973, 973, 903917, 4] eqrr [4, 3, 4] [1120, 929, 973, 973, 0, 4]
TICK: 7577375
ip= 5 [1120, 929, 973, 973, 0, 5] addr [4, 5, 5] [1120, 929, 973, 973, 0, 5]
TICK: 7577376
ip= 6 [1120, 929, 973, 973, 0, 6] addi [5, 1, 5] [1120, 929, 973, 973, 0, 7]
TICK: 7577377
ip= 8 [1120, 929, 973, 973, 0, 8] addi [1, 1, 1] [1120, 930, 973, 973, 0, 8]
TICK: 7577378
ip= 9 [1120, 930, 973, 973, 0, 9] gtrr [1, 3, 4] [1120, 930, 973, 973, 0, 9]
TICK: 7577379
ip=10 [1120, 930, 973, 973, 0, 10] addr [5, 4, 5] [1120, 930, 973, 973, 0, 10]
TICK: 7577380
ip=11 [1120, 930, 973, 973, 0, 11] seti [2, 8, 5] [1120, 930, 973, 973, 0, 2]
TICK: 7577381
ip= 3 [1120, 930, 973, 973, 0, 3] mulr [2, 1, 4] [1120, 930, 973, 973, 904890, 3]
TICK: 7577382
ip= 4 [1120, 930, 973, 973, 904890, 4] eqrr [4, 3, 4] [1120, 930, 973, 973, 0, 4]
TICK: 7577383
ip= 5 [1120, 930, 973, 973, 0, 5] addr [4, 5, 5] [1120, 930, 973, 973, 0, 5]
TICK: 7577384
ip= 6 [1120, 930, 973, 973, 0, 6] addi [5, 1, 5] [1120, 930, 973, 973, 0, 7]
TICK: 7577385
ip= 8 [1120, 930, 973, 973, 0, 8] addi [1, 1, 1] [1120, 931, 973, 973, 0, 8]
TICK: 7577386
ip= 9 [1120, 931, 973, 973, 0, 9] gtrr [1, 3, 4] [1120, 931, 973, 973, 0, 9]
TICK: 7577387
ip=10 [1120, 931, 973, 973, 0, 10] addr [5, 4, 5] [1120, 931, 973, 973, 0, 10]
TICK: 7577388
ip=11 [1120, 931, 973, 973, 0, 11] seti [2, 8, 5] [1120, 931, 973, 973, 0, 2]
TICK: 7577389
ip= 3 [1120, 931, 973, 973, 0, 3] mulr [2, 1, 4] [1120, 931, 973, 973, 905863, 3]
TICK: 7577390
ip= 4 [1120, 931, 973, 973, 905863, 4] eqrr [4, 3, 4] [1120, 931, 973, 973, 0, 4]
TICK: 7577391
ip= 5 [1120, 931, 973, 973, 0, 5] addr [4, 5, 5] [1120, 931, 973, 973, 0, 5]
TICK: 7577392
ip= 6 [1120, 931, 973, 973, 0, 6] addi [5, 1, 5] [1120, 931, 973, 973, 0, 7]
TICK: 7577393
ip= 8 [1120, 931, 973, 973, 0, 8] addi [1, 1, 1] [1120, 932, 973, 973, 0, 8]
TICK: 7577394
ip= 9 [1120, 932, 973, 973, 0, 9] gtrr [1, 3, 4] [1120, 932, 973, 973, 0, 9]
TICK: 7577395
ip=10 [1120, 932, 973, 973, 0, 10] addr [5, 4, 5] [1120, 932, 973, 973, 0, 10]
TICK: 7577396
ip=11 [1120, 932, 973, 973, 0, 11] seti [2, 8, 5] [1120, 932, 973, 973, 0, 2]
TICK: 7577397
ip= 3 [1120, 932, 973, 973, 0, 3] mulr [2, 1, 4] [1120, 932, 973, 973, 906836, 3]
TICK: 7577398
ip= 4 [1120, 932, 973, 973, 906836, 4] eqrr [4, 3, 4] [1120, 932, 973, 973, 0, 4]
TICK: 7577399
ip= 5 [1120, 932, 973, 973, 0, 5] addr [4, 5, 5] [1120, 932, 973, 973, 0, 5]
TICK: 7577400
ip= 6 [1120, 932, 973, 973, 0, 6] addi [5, 1, 5] [1120, 932, 973, 973, 0, 7]
TICK: 7577401
ip= 8 [1120, 932, 973, 973, 0, 8] addi [1, 1, 1] [1120, 933, 973, 973, 0, 8]
TICK: 7577402
ip= 9 [1120, 933, 973, 973, 0, 9] gtrr [1, 3, 4] [1120, 933, 973, 973, 0, 9]
TICK: 7577403
ip=10 [1120, 933, 973, 973, 0, 10] addr [5, 4, 5] [1120, 933, 973, 973, 0, 10]
TICK: 7577404
ip=11 [1120, 933, 973, 973, 0, 11] seti [2, 8, 5] [1120, 933, 973, 973, 0, 2]
TICK: 7577405
ip= 3 [1120, 933, 973, 973, 0, 3] mulr [2, 1, 4] [1120, 933, 973, 973, 907809, 3]
TICK: 7577406
ip= 4 [1120, 933, 973, 973, 907809, 4] eqrr [4, 3, 4] [1120, 933, 973, 973, 0, 4]
TICK: 7577407
ip= 5 [1120, 933, 973, 973, 0, 5] addr [4, 5, 5] [1120, 933, 973, 973, 0, 5]
TICK: 7577408
ip= 6 [1120, 933, 973, 973, 0, 6] addi [5, 1, 5] [1120, 933, 973, 973, 0, 7]
TICK: 7577409
ip= 8 [1120, 933, 973, 973, 0, 8] addi [1, 1, 1] [1120, 934, 973, 973, 0, 8]
TICK: 7577410
ip= 9 [1120, 934, 973, 973, 0, 9] gtrr [1, 3, 4] [1120, 934, 973, 973, 0, 9]
TICK: 7577411
ip=10 [1120, 934, 973, 973, 0, 10] addr [5, 4, 5] [1120, 934, 973, 973, 0, 10]
TICK: 7577412
ip=11 [1120, 934, 973, 973, 0, 11] seti [2, 8, 5] [1120, 934, 973, 973, 0, 2]
TICK: 7577413
ip= 3 [1120, 934, 973, 973, 0, 3] mulr [2, 1, 4] [1120, 934, 973, 973, 908782, 3]
TICK: 7577414
ip= 4 [1120, 934, 973, 973, 908782, 4] eqrr [4, 3, 4] [1120, 934, 973, 973, 0, 4]
TICK: 7577415
ip= 5 [1120, 934, 973, 973, 0, 5] addr [4, 5, 5] [1120, 934, 973, 973, 0, 5]
TICK: 7577416
ip= 6 [1120, 934, 973, 973, 0, 6] addi [5, 1, 5] [1120, 934, 973, 973, 0, 7]
TICK: 7577417
ip= 8 [1120, 934, 973, 973, 0, 8] addi [1, 1, 1] [1120, 935, 973, 973, 0, 8]
TICK: 7577418
ip= 9 [1120, 935, 973, 973, 0, 9] gtrr [1, 3, 4] [1120, 935, 973, 973, 0, 9]
TICK: 7577419
ip=10 [1120, 935, 973, 973, 0, 10] addr [5, 4, 5] [1120, 935, 973, 973, 0, 10]
TICK: 7577420
ip=11 [1120, 935, 973, 973, 0, 11] seti [2, 8, 5] [1120, 935, 973, 973, 0, 2]
TICK: 7577421
ip= 3 [1120, 935, 973, 973, 0, 3] mulr [2, 1, 4] [1120, 935, 973, 973, 909755, 3]
TICK: 7577422
ip= 4 [1120, 935, 973, 973, 909755, 4] eqrr [4, 3, 4] [1120, 935, 973, 973, 0, 4]
TICK: 7577423
ip= 5 [1120, 935, 973, 973, 0, 5] addr [4, 5, 5] [1120, 935, 973, 973, 0, 5]
TICK: 7577424
ip= 6 [1120, 935, 973, 973, 0, 6] addi [5, 1, 5] [1120, 935, 973, 973, 0, 7]
TICK: 7577425
ip= 8 [1120, 935, 973, 973, 0, 8] addi [1, 1, 1] [1120, 936, 973, 973, 0, 8]
TICK: 7577426
ip= 9 [1120, 936, 973, 973, 0, 9] gtrr [1, 3, 4] [1120, 936, 973, 973, 0, 9]
TICK: 7577427
ip=10 [1120, 936, 973, 973, 0, 10] addr [5, 4, 5] [1120, 936, 973, 973, 0, 10]
TICK: 7577428
ip=11 [1120, 936, 973, 973, 0, 11] seti [2, 8, 5] [1120, 936, 973, 973, 0, 2]
TICK: 7577429
ip= 3 [1120, 936, 973, 973, 0, 3] mulr [2, 1, 4] [1120, 936, 973, 973, 910728, 3]
TICK: 7577430
ip= 4 [1120, 936, 973, 973, 910728, 4] eqrr [4, 3, 4] [1120, 936, 973, 973, 0, 4]
TICK: 7577431
ip= 5 [1120, 936, 973, 973, 0, 5] addr [4, 5, 5] [1120, 936, 973, 973, 0, 5]
TICK: 7577432
ip= 6 [1120, 936, 973, 973, 0, 6] addi [5, 1, 5] [1120, 936, 973, 973, 0, 7]
TICK: 7577433
ip= 8 [1120, 936, 973, 973, 0, 8] addi [1, 1, 1] [1120, 937, 973, 973, 0, 8]
TICK: 7577434
ip= 9 [1120, 937, 973, 973, 0, 9] gtrr [1, 3, 4] [1120, 937, 973, 973, 0, 9]
TICK: 7577435
ip=10 [1120, 937, 973, 973, 0, 10] addr [5, 4, 5] [1120, 937, 973, 973, 0, 10]
TICK: 7577436
ip=11 [1120, 937, 973, 973, 0, 11] seti [2, 8, 5] [1120, 937, 973, 973, 0, 2]
TICK: 7577437
ip= 3 [1120, 937, 973, 973, 0, 3] mulr [2, 1, 4] [1120, 937, 973, 973, 911701, 3]
TICK: 7577438
ip= 4 [1120, 937, 973, 973, 911701, 4] eqrr [4, 3, 4] [1120, 937, 973, 973, 0, 4]
TICK: 7577439
ip= 5 [1120, 937, 973, 973, 0, 5] addr [4, 5, 5] [1120, 937, 973, 973, 0, 5]
TICK: 7577440
ip= 6 [1120, 937, 973, 973, 0, 6] addi [5, 1, 5] [1120, 937, 973, 973, 0, 7]
TICK: 7577441
ip= 8 [1120, 937, 973, 973, 0, 8] addi [1, 1, 1] [1120, 938, 973, 973, 0, 8]
TICK: 7577442
ip= 9 [1120, 938, 973, 973, 0, 9] gtrr [1, 3, 4] [1120, 938, 973, 973, 0, 9]
TICK: 7577443
ip=10 [1120, 938, 973, 973, 0, 10] addr [5, 4, 5] [1120, 938, 973, 973, 0, 10]
TICK: 7577444
ip=11 [1120, 938, 973, 973, 0, 11] seti [2, 8, 5] [1120, 938, 973, 973, 0, 2]
TICK: 7577445
ip= 3 [1120, 938, 973, 973, 0, 3] mulr [2, 1, 4] [1120, 938, 973, 973, 912674, 3]
TICK: 7577446
ip= 4 [1120, 938, 973, 973, 912674, 4] eqrr [4, 3, 4] [1120, 938, 973, 973, 0, 4]
TICK: 7577447
ip= 5 [1120, 938, 973, 973, 0, 5] addr [4, 5, 5] [1120, 938, 973, 973, 0, 5]
TICK: 7577448
ip= 6 [1120, 938, 973, 973, 0, 6] addi [5, 1, 5] [1120, 938, 973, 973, 0, 7]
TICK: 7577449
ip= 8 [1120, 938, 973, 973, 0, 8] addi [1, 1, 1] [1120, 939, 973, 973, 0, 8]
TICK: 7577450
ip= 9 [1120, 939, 973, 973, 0, 9] gtrr [1, 3, 4] [1120, 939, 973, 973, 0, 9]
TICK: 7577451
ip=10 [1120, 939, 973, 973, 0, 10] addr [5, 4, 5] [1120, 939, 973, 973, 0, 10]
TICK: 7577452
ip=11 [1120, 939, 973, 973, 0, 11] seti [2, 8, 5] [1120, 939, 973, 973, 0, 2]
TICK: 7577453
ip= 3 [1120, 939, 973, 973, 0, 3] mulr [2, 1, 4] [1120, 939, 973, 973, 913647, 3]
TICK: 7577454
ip= 4 [1120, 939, 973, 973, 913647, 4] eqrr [4, 3, 4] [1120, 939, 973, 973, 0, 4]
TICK: 7577455
ip= 5 [1120, 939, 973, 973, 0, 5] addr [4, 5, 5] [1120, 939, 973, 973, 0, 5]
TICK: 7577456
ip= 6 [1120, 939, 973, 973, 0, 6] addi [5, 1, 5] [1120, 939, 973, 973, 0, 7]
TICK: 7577457
ip= 8 [1120, 939, 973, 973, 0, 8] addi [1, 1, 1] [1120, 940, 973, 973, 0, 8]
TICK: 7577458
ip= 9 [1120, 940, 973, 973, 0, 9] gtrr [1, 3, 4] [1120, 940, 973, 973, 0, 9]
TICK: 7577459
ip=10 [1120, 940, 973, 973, 0, 10] addr [5, 4, 5] [1120, 940, 973, 973, 0, 10]
TICK: 7577460
ip=11 [1120, 940, 973, 973, 0, 11] seti [2, 8, 5] [1120, 940, 973, 973, 0, 2]
TICK: 7577461
ip= 3 [1120, 940, 973, 973, 0, 3] mulr [2, 1, 4] [1120, 940, 973, 973, 914620, 3]
TICK: 7577462
ip= 4 [1120, 940, 973, 973, 914620, 4] eqrr [4, 3, 4] [1120, 940, 973, 973, 0, 4]
TICK: 7577463
ip= 5 [1120, 940, 973, 973, 0, 5] addr [4, 5, 5] [1120, 940, 973, 973, 0, 5]
TICK: 7577464
ip= 6 [1120, 940, 973, 973, 0, 6] addi [5, 1, 5] [1120, 940, 973, 973, 0, 7]
TICK: 7577465
ip= 8 [1120, 940, 973, 973, 0, 8] addi [1, 1, 1] [1120, 941, 973, 973, 0, 8]
TICK: 7577466
ip= 9 [1120, 941, 973, 973, 0, 9] gtrr [1, 3, 4] [1120, 941, 973, 973, 0, 9]
TICK: 7577467
ip=10 [1120, 941, 973, 973, 0, 10] addr [5, 4, 5] [1120, 941, 973, 973, 0, 10]
TICK: 7577468
ip=11 [1120, 941, 973, 973, 0, 11] seti [2, 8, 5] [1120, 941, 973, 973, 0, 2]
TICK: 7577469
ip= 3 [1120, 941, 973, 973, 0, 3] mulr [2, 1, 4] [1120, 941, 973, 973, 915593, 3]
TICK: 7577470
ip= 4 [1120, 941, 973, 973, 915593, 4] eqrr [4, 3, 4] [1120, 941, 973, 973, 0, 4]
TICK: 7577471
ip= 5 [1120, 941, 973, 973, 0, 5] addr [4, 5, 5] [1120, 941, 973, 973, 0, 5]
TICK: 7577472
ip= 6 [1120, 941, 973, 973, 0, 6] addi [5, 1, 5] [1120, 941, 973, 973, 0, 7]
TICK: 7577473
ip= 8 [1120, 941, 973, 973, 0, 8] addi [1, 1, 1] [1120, 942, 973, 973, 0, 8]
TICK: 7577474
ip= 9 [1120, 942, 973, 973, 0, 9] gtrr [1, 3, 4] [1120, 942, 973, 973, 0, 9]
TICK: 7577475
ip=10 [1120, 942, 973, 973, 0, 10] addr [5, 4, 5] [1120, 942, 973, 973, 0, 10]
TICK: 7577476
ip=11 [1120, 942, 973, 973, 0, 11] seti [2, 8, 5] [1120, 942, 973, 973, 0, 2]
TICK: 7577477
ip= 3 [1120, 942, 973, 973, 0, 3] mulr [2, 1, 4] [1120, 942, 973, 973, 916566, 3]
TICK: 7577478
ip= 4 [1120, 942, 973, 973, 916566, 4] eqrr [4, 3, 4] [1120, 942, 973, 973, 0, 4]
TICK: 7577479
ip= 5 [1120, 942, 973, 973, 0, 5] addr [4, 5, 5] [1120, 942, 973, 973, 0, 5]
TICK: 7577480
ip= 6 [1120, 942, 973, 973, 0, 6] addi [5, 1, 5] [1120, 942, 973, 973, 0, 7]
TICK: 7577481
ip= 8 [1120, 942, 973, 973, 0, 8] addi [1, 1, 1] [1120, 943, 973, 973, 0, 8]
TICK: 7577482
ip= 9 [1120, 943, 973, 973, 0, 9] gtrr [1, 3, 4] [1120, 943, 973, 973, 0, 9]
TICK: 7577483
ip=10 [1120, 943, 973, 973, 0, 10] addr [5, 4, 5] [1120, 943, 973, 973, 0, 10]
TICK: 7577484
ip=11 [1120, 943, 973, 973, 0, 11] seti [2, 8, 5] [1120, 943, 973, 973, 0, 2]
TICK: 7577485
ip= 3 [1120, 943, 973, 973, 0, 3] mulr [2, 1, 4] [1120, 943, 973, 973, 917539, 3]
TICK: 7577486
ip= 4 [1120, 943, 973, 973, 917539, 4] eqrr [4, 3, 4] [1120, 943, 973, 973, 0, 4]
TICK: 7577487
ip= 5 [1120, 943, 973, 973, 0, 5] addr [4, 5, 5] [1120, 943, 973, 973, 0, 5]
TICK: 7577488
ip= 6 [1120, 943, 973, 973, 0, 6] addi [5, 1, 5] [1120, 943, 973, 973, 0, 7]
TICK: 7577489
ip= 8 [1120, 943, 973, 973, 0, 8] addi [1, 1, 1] [1120, 944, 973, 973, 0, 8]
TICK: 7577490
ip= 9 [1120, 944, 973, 973, 0, 9] gtrr [1, 3, 4] [1120, 944, 973, 973, 0, 9]
TICK: 7577491
ip=10 [1120, 944, 973, 973, 0, 10] addr [5, 4, 5] [1120, 944, 973, 973, 0, 10]
TICK: 7577492
ip=11 [1120, 944, 973, 973, 0, 11] seti [2, 8, 5] [1120, 944, 973, 973, 0, 2]
TICK: 7577493
ip= 3 [1120, 944, 973, 973, 0, 3] mulr [2, 1, 4] [1120, 944, 973, 973, 918512, 3]
TICK: 7577494
ip= 4 [1120, 944, 973, 973, 918512, 4] eqrr [4, 3, 4] [1120, 944, 973, 973, 0, 4]
TICK: 7577495
ip= 5 [1120, 944, 973, 973, 0, 5] addr [4, 5, 5] [1120, 944, 973, 973, 0, 5]
TICK: 7577496
ip= 6 [1120, 944, 973, 973, 0, 6] addi [5, 1, 5] [1120, 944, 973, 973, 0, 7]
TICK: 7577497
ip= 8 [1120, 944, 973, 973, 0, 8] addi [1, 1, 1] [1120, 945, 973, 973, 0, 8]
TICK: 7577498
ip= 9 [1120, 945, 973, 973, 0, 9] gtrr [1, 3, 4] [1120, 945, 973, 973, 0, 9]
TICK: 7577499
ip=10 [1120, 945, 973, 973, 0, 10] addr [5, 4, 5] [1120, 945, 973, 973, 0, 10]
TICK: 7577500
ip=11 [1120, 945, 973, 973, 0, 11] seti [2, 8, 5] [1120, 945, 973, 973, 0, 2]
TICK: 7577501
ip= 3 [1120, 945, 973, 973, 0, 3] mulr [2, 1, 4] [1120, 945, 973, 973, 919485, 3]
TICK: 7577502
ip= 4 [1120, 945, 973, 973, 919485, 4] eqrr [4, 3, 4] [1120, 945, 973, 973, 0, 4]
TICK: 7577503
ip= 5 [1120, 945, 973, 973, 0, 5] addr [4, 5, 5] [1120, 945, 973, 973, 0, 5]
TICK: 7577504
ip= 6 [1120, 945, 973, 973, 0, 6] addi [5, 1, 5] [1120, 945, 973, 973, 0, 7]
TICK: 7577505
ip= 8 [1120, 945, 973, 973, 0, 8] addi [1, 1, 1] [1120, 946, 973, 973, 0, 8]
TICK: 7577506
ip= 9 [1120, 946, 973, 973, 0, 9] gtrr [1, 3, 4] [1120, 946, 973, 973, 0, 9]
TICK: 7577507
ip=10 [1120, 946, 973, 973, 0, 10] addr [5, 4, 5] [1120, 946, 973, 973, 0, 10]
TICK: 7577508
ip=11 [1120, 946, 973, 973, 0, 11] seti [2, 8, 5] [1120, 946, 973, 973, 0, 2]
TICK: 7577509
ip= 3 [1120, 946, 973, 973, 0, 3] mulr [2, 1, 4] [1120, 946, 973, 973, 920458, 3]
TICK: 7577510
ip= 4 [1120, 946, 973, 973, 920458, 4] eqrr [4, 3, 4] [1120, 946, 973, 973, 0, 4]
TICK: 7577511
ip= 5 [1120, 946, 973, 973, 0, 5] addr [4, 5, 5] [1120, 946, 973, 973, 0, 5]
TICK: 7577512
ip= 6 [1120, 946, 973, 973, 0, 6] addi [5, 1, 5] [1120, 946, 973, 973, 0, 7]
TICK: 7577513
ip= 8 [1120, 946, 973, 973, 0, 8] addi [1, 1, 1] [1120, 947, 973, 973, 0, 8]
TICK: 7577514
ip= 9 [1120, 947, 973, 973, 0, 9] gtrr [1, 3, 4] [1120, 947, 973, 973, 0, 9]
TICK: 7577515
ip=10 [1120, 947, 973, 973, 0, 10] addr [5, 4, 5] [1120, 947, 973, 973, 0, 10]
TICK: 7577516
ip=11 [1120, 947, 973, 973, 0, 11] seti [2, 8, 5] [1120, 947, 973, 973, 0, 2]
TICK: 7577517
ip= 3 [1120, 947, 973, 973, 0, 3] mulr [2, 1, 4] [1120, 947, 973, 973, 921431, 3]
TICK: 7577518
ip= 4 [1120, 947, 973, 973, 921431, 4] eqrr [4, 3, 4] [1120, 947, 973, 973, 0, 4]
TICK: 7577519
ip= 5 [1120, 947, 973, 973, 0, 5] addr [4, 5, 5] [1120, 947, 973, 973, 0, 5]
TICK: 7577520
ip= 6 [1120, 947, 973, 973, 0, 6] addi [5, 1, 5] [1120, 947, 973, 973, 0, 7]
TICK: 7577521
ip= 8 [1120, 947, 973, 973, 0, 8] addi [1, 1, 1] [1120, 948, 973, 973, 0, 8]
TICK: 7577522
ip= 9 [1120, 948, 973, 973, 0, 9] gtrr [1, 3, 4] [1120, 948, 973, 973, 0, 9]
TICK: 7577523
ip=10 [1120, 948, 973, 973, 0, 10] addr [5, 4, 5] [1120, 948, 973, 973, 0, 10]
TICK: 7577524
ip=11 [1120, 948, 973, 973, 0, 11] seti [2, 8, 5] [1120, 948, 973, 973, 0, 2]
TICK: 7577525
ip= 3 [1120, 948, 973, 973, 0, 3] mulr [2, 1, 4] [1120, 948, 973, 973, 922404, 3]
TICK: 7577526
ip= 4 [1120, 948, 973, 973, 922404, 4] eqrr [4, 3, 4] [1120, 948, 973, 973, 0, 4]
TICK: 7577527
ip= 5 [1120, 948, 973, 973, 0, 5] addr [4, 5, 5] [1120, 948, 973, 973, 0, 5]
TICK: 7577528
ip= 6 [1120, 948, 973, 973, 0, 6] addi [5, 1, 5] [1120, 948, 973, 973, 0, 7]
TICK: 7577529
ip= 8 [1120, 948, 973, 973, 0, 8] addi [1, 1, 1] [1120, 949, 973, 973, 0, 8]
TICK: 7577530
ip= 9 [1120, 949, 973, 973, 0, 9] gtrr [1, 3, 4] [1120, 949, 973, 973, 0, 9]
TICK: 7577531
ip=10 [1120, 949, 973, 973, 0, 10] addr [5, 4, 5] [1120, 949, 973, 973, 0, 10]
TICK: 7577532
ip=11 [1120, 949, 973, 973, 0, 11] seti [2, 8, 5] [1120, 949, 973, 973, 0, 2]
TICK: 7577533
ip= 3 [1120, 949, 973, 973, 0, 3] mulr [2, 1, 4] [1120, 949, 973, 973, 923377, 3]
TICK: 7577534
ip= 4 [1120, 949, 973, 973, 923377, 4] eqrr [4, 3, 4] [1120, 949, 973, 973, 0, 4]
TICK: 7577535
ip= 5 [1120, 949, 973, 973, 0, 5] addr [4, 5, 5] [1120, 949, 973, 973, 0, 5]
TICK: 7577536
ip= 6 [1120, 949, 973, 973, 0, 6] addi [5, 1, 5] [1120, 949, 973, 973, 0, 7]
TICK: 7577537
ip= 8 [1120, 949, 973, 973, 0, 8] addi [1, 1, 1] [1120, 950, 973, 973, 0, 8]
TICK: 7577538
ip= 9 [1120, 950, 973, 973, 0, 9] gtrr [1, 3, 4] [1120, 950, 973, 973, 0, 9]
TICK: 7577539
ip=10 [1120, 950, 973, 973, 0, 10] addr [5, 4, 5] [1120, 950, 973, 973, 0, 10]
TICK: 7577540
ip=11 [1120, 950, 973, 973, 0, 11] seti [2, 8, 5] [1120, 950, 973, 973, 0, 2]
TICK: 7577541
ip= 3 [1120, 950, 973, 973, 0, 3] mulr [2, 1, 4] [1120, 950, 973, 973, 924350, 3]
TICK: 7577542
ip= 4 [1120, 950, 973, 973, 924350, 4] eqrr [4, 3, 4] [1120, 950, 973, 973, 0, 4]
TICK: 7577543
ip= 5 [1120, 950, 973, 973, 0, 5] addr [4, 5, 5] [1120, 950, 973, 973, 0, 5]
TICK: 7577544
ip= 6 [1120, 950, 973, 973, 0, 6] addi [5, 1, 5] [1120, 950, 973, 973, 0, 7]
TICK: 7577545
ip= 8 [1120, 950, 973, 973, 0, 8] addi [1, 1, 1] [1120, 951, 973, 973, 0, 8]
TICK: 7577546
ip= 9 [1120, 951, 973, 973, 0, 9] gtrr [1, 3, 4] [1120, 951, 973, 973, 0, 9]
TICK: 7577547
ip=10 [1120, 951, 973, 973, 0, 10] addr [5, 4, 5] [1120, 951, 973, 973, 0, 10]
TICK: 7577548
ip=11 [1120, 951, 973, 973, 0, 11] seti [2, 8, 5] [1120, 951, 973, 973, 0, 2]
TICK: 7577549
ip= 3 [1120, 951, 973, 973, 0, 3] mulr [2, 1, 4] [1120, 951, 973, 973, 925323, 3]
TICK: 7577550
ip= 4 [1120, 951, 973, 973, 925323, 4] eqrr [4, 3, 4] [1120, 951, 973, 973, 0, 4]
TICK: 7577551
ip= 5 [1120, 951, 973, 973, 0, 5] addr [4, 5, 5] [1120, 951, 973, 973, 0, 5]
TICK: 7577552
ip= 6 [1120, 951, 973, 973, 0, 6] addi [5, 1, 5] [1120, 951, 973, 973, 0, 7]
TICK: 7577553
ip= 8 [1120, 951, 973, 973, 0, 8] addi [1, 1, 1] [1120, 952, 973, 973, 0, 8]
TICK: 7577554
ip= 9 [1120, 952, 973, 973, 0, 9] gtrr [1, 3, 4] [1120, 952, 973, 973, 0, 9]
TICK: 7577555
ip=10 [1120, 952, 973, 973, 0, 10] addr [5, 4, 5] [1120, 952, 973, 973, 0, 10]
TICK: 7577556
ip=11 [1120, 952, 973, 973, 0, 11] seti [2, 8, 5] [1120, 952, 973, 973, 0, 2]
TICK: 7577557
ip= 3 [1120, 952, 973, 973, 0, 3] mulr [2, 1, 4] [1120, 952, 973, 973, 926296, 3]
TICK: 7577558
ip= 4 [1120, 952, 973, 973, 926296, 4] eqrr [4, 3, 4] [1120, 952, 973, 973, 0, 4]
TICK: 7577559
ip= 5 [1120, 952, 973, 973, 0, 5] addr [4, 5, 5] [1120, 952, 973, 973, 0, 5]
TICK: 7577560
ip= 6 [1120, 952, 973, 973, 0, 6] addi [5, 1, 5] [1120, 952, 973, 973, 0, 7]
TICK: 7577561
ip= 8 [1120, 952, 973, 973, 0, 8] addi [1, 1, 1] [1120, 953, 973, 973, 0, 8]
TICK: 7577562
ip= 9 [1120, 953, 973, 973, 0, 9] gtrr [1, 3, 4] [1120, 953, 973, 973, 0, 9]
TICK: 7577563
ip=10 [1120, 953, 973, 973, 0, 10] addr [5, 4, 5] [1120, 953, 973, 973, 0, 10]
TICK: 7577564
ip=11 [1120, 953, 973, 973, 0, 11] seti [2, 8, 5] [1120, 953, 973, 973, 0, 2]
TICK: 7577565
ip= 3 [1120, 953, 973, 973, 0, 3] mulr [2, 1, 4] [1120, 953, 973, 973, 927269, 3]
TICK: 7577566
ip= 4 [1120, 953, 973, 973, 927269, 4] eqrr [4, 3, 4] [1120, 953, 973, 973, 0, 4]
TICK: 7577567
ip= 5 [1120, 953, 973, 973, 0, 5] addr [4, 5, 5] [1120, 953, 973, 973, 0, 5]
TICK: 7577568
ip= 6 [1120, 953, 973, 973, 0, 6] addi [5, 1, 5] [1120, 953, 973, 973, 0, 7]
TICK: 7577569
ip= 8 [1120, 953, 973, 973, 0, 8] addi [1, 1, 1] [1120, 954, 973, 973, 0, 8]
TICK: 7577570
ip= 9 [1120, 954, 973, 973, 0, 9] gtrr [1, 3, 4] [1120, 954, 973, 973, 0, 9]
TICK: 7577571
ip=10 [1120, 954, 973, 973, 0, 10] addr [5, 4, 5] [1120, 954, 973, 973, 0, 10]
TICK: 7577572
ip=11 [1120, 954, 973, 973, 0, 11] seti [2, 8, 5] [1120, 954, 973, 973, 0, 2]
TICK: 7577573
ip= 3 [1120, 954, 973, 973, 0, 3] mulr [2, 1, 4] [1120, 954, 973, 973, 928242, 3]
TICK: 7577574
ip= 4 [1120, 954, 973, 973, 928242, 4] eqrr [4, 3, 4] [1120, 954, 973, 973, 0, 4]
TICK: 7577575
ip= 5 [1120, 954, 973, 973, 0, 5] addr [4, 5, 5] [1120, 954, 973, 973, 0, 5]
TICK: 7577576
ip= 6 [1120, 954, 973, 973, 0, 6] addi [5, 1, 5] [1120, 954, 973, 973, 0, 7]
TICK: 7577577
ip= 8 [1120, 954, 973, 973, 0, 8] addi [1, 1, 1] [1120, 955, 973, 973, 0, 8]
TICK: 7577578
ip= 9 [1120, 955, 973, 973, 0, 9] gtrr [1, 3, 4] [1120, 955, 973, 973, 0, 9]
TICK: 7577579
ip=10 [1120, 955, 973, 973, 0, 10] addr [5, 4, 5] [1120, 955, 973, 973, 0, 10]
TICK: 7577580
ip=11 [1120, 955, 973, 973, 0, 11] seti [2, 8, 5] [1120, 955, 973, 973, 0, 2]
TICK: 7577581
ip= 3 [1120, 955, 973, 973, 0, 3] mulr [2, 1, 4] [1120, 955, 973, 973, 929215, 3]
TICK: 7577582
ip= 4 [1120, 955, 973, 973, 929215, 4] eqrr [4, 3, 4] [1120, 955, 973, 973, 0, 4]
TICK: 7577583
ip= 5 [1120, 955, 973, 973, 0, 5] addr [4, 5, 5] [1120, 955, 973, 973, 0, 5]
TICK: 7577584
ip= 6 [1120, 955, 973, 973, 0, 6] addi [5, 1, 5] [1120, 955, 973, 973, 0, 7]
TICK: 7577585
ip= 8 [1120, 955, 973, 973, 0, 8] addi [1, 1, 1] [1120, 956, 973, 973, 0, 8]
TICK: 7577586
ip= 9 [1120, 956, 973, 973, 0, 9] gtrr [1, 3, 4] [1120, 956, 973, 973, 0, 9]
TICK: 7577587
ip=10 [1120, 956, 973, 973, 0, 10] addr [5, 4, 5] [1120, 956, 973, 973, 0, 10]
TICK: 7577588
ip=11 [1120, 956, 973, 973, 0, 11] seti [2, 8, 5] [1120, 956, 973, 973, 0, 2]
TICK: 7577589
ip= 3 [1120, 956, 973, 973, 0, 3] mulr [2, 1, 4] [1120, 956, 973, 973, 930188, 3]
TICK: 7577590
ip= 4 [1120, 956, 973, 973, 930188, 4] eqrr [4, 3, 4] [1120, 956, 973, 973, 0, 4]
TICK: 7577591
ip= 5 [1120, 956, 973, 973, 0, 5] addr [4, 5, 5] [1120, 956, 973, 973, 0, 5]
TICK: 7577592
ip= 6 [1120, 956, 973, 973, 0, 6] addi [5, 1, 5] [1120, 956, 973, 973, 0, 7]
TICK: 7577593
ip= 8 [1120, 956, 973, 973, 0, 8] addi [1, 1, 1] [1120, 957, 973, 973, 0, 8]
TICK: 7577594
ip= 9 [1120, 957, 973, 973, 0, 9] gtrr [1, 3, 4] [1120, 957, 973, 973, 0, 9]
TICK: 7577595
ip=10 [1120, 957, 973, 973, 0, 10] addr [5, 4, 5] [1120, 957, 973, 973, 0, 10]
TICK: 7577596
ip=11 [1120, 957, 973, 973, 0, 11] seti [2, 8, 5] [1120, 957, 973, 973, 0, 2]
TICK: 7577597
ip= 3 [1120, 957, 973, 973, 0, 3] mulr [2, 1, 4] [1120, 957, 973, 973, 931161, 3]
TICK: 7577598
ip= 4 [1120, 957, 973, 973, 931161, 4] eqrr [4, 3, 4] [1120, 957, 973, 973, 0, 4]
TICK: 7577599
ip= 5 [1120, 957, 973, 973, 0, 5] addr [4, 5, 5] [1120, 957, 973, 973, 0, 5]
TICK: 7577600
ip= 6 [1120, 957, 973, 973, 0, 6] addi [5, 1, 5] [1120, 957, 973, 973, 0, 7]
TICK: 7577601
ip= 8 [1120, 957, 973, 973, 0, 8] addi [1, 1, 1] [1120, 958, 973, 973, 0, 8]
TICK: 7577602
ip= 9 [1120, 958, 973, 973, 0, 9] gtrr [1, 3, 4] [1120, 958, 973, 973, 0, 9]
TICK: 7577603
ip=10 [1120, 958, 973, 973, 0, 10] addr [5, 4, 5] [1120, 958, 973, 973, 0, 10]
TICK: 7577604
ip=11 [1120, 958, 973, 973, 0, 11] seti [2, 8, 5] [1120, 958, 973, 973, 0, 2]
TICK: 7577605
ip= 3 [1120, 958, 973, 973, 0, 3] mulr [2, 1, 4] [1120, 958, 973, 973, 932134, 3]
TICK: 7577606
ip= 4 [1120, 958, 973, 973, 932134, 4] eqrr [4, 3, 4] [1120, 958, 973, 973, 0, 4]
TICK: 7577607
ip= 5 [1120, 958, 973, 973, 0, 5] addr [4, 5, 5] [1120, 958, 973, 973, 0, 5]
TICK: 7577608
ip= 6 [1120, 958, 973, 973, 0, 6] addi [5, 1, 5] [1120, 958, 973, 973, 0, 7]
TICK: 7577609
ip= 8 [1120, 958, 973, 973, 0, 8] addi [1, 1, 1] [1120, 959, 973, 973, 0, 8]
TICK: 7577610
ip= 9 [1120, 959, 973, 973, 0, 9] gtrr [1, 3, 4] [1120, 959, 973, 973, 0, 9]
TICK: 7577611
ip=10 [1120, 959, 973, 973, 0, 10] addr [5, 4, 5] [1120, 959, 973, 973, 0, 10]
TICK: 7577612
ip=11 [1120, 959, 973, 973, 0, 11] seti [2, 8, 5] [1120, 959, 973, 973, 0, 2]
TICK: 7577613
ip= 3 [1120, 959, 973, 973, 0, 3] mulr [2, 1, 4] [1120, 959, 973, 973, 933107, 3]
TICK: 7577614
ip= 4 [1120, 959, 973, 973, 933107, 4] eqrr [4, 3, 4] [1120, 959, 973, 973, 0, 4]
TICK: 7577615
ip= 5 [1120, 959, 973, 973, 0, 5] addr [4, 5, 5] [1120, 959, 973, 973, 0, 5]
TICK: 7577616
ip= 6 [1120, 959, 973, 973, 0, 6] addi [5, 1, 5] [1120, 959, 973, 973, 0, 7]
TICK: 7577617
ip= 8 [1120, 959, 973, 973, 0, 8] addi [1, 1, 1] [1120, 960, 973, 973, 0, 8]
TICK: 7577618
ip= 9 [1120, 960, 973, 973, 0, 9] gtrr [1, 3, 4] [1120, 960, 973, 973, 0, 9]
TICK: 7577619
ip=10 [1120, 960, 973, 973, 0, 10] addr [5, 4, 5] [1120, 960, 973, 973, 0, 10]
TICK: 7577620
ip=11 [1120, 960, 973, 973, 0, 11] seti [2, 8, 5] [1120, 960, 973, 973, 0, 2]
TICK: 7577621
ip= 3 [1120, 960, 973, 973, 0, 3] mulr [2, 1, 4] [1120, 960, 973, 973, 934080, 3]
TICK: 7577622
ip= 4 [1120, 960, 973, 973, 934080, 4] eqrr [4, 3, 4] [1120, 960, 973, 973, 0, 4]
TICK: 7577623
ip= 5 [1120, 960, 973, 973, 0, 5] addr [4, 5, 5] [1120, 960, 973, 973, 0, 5]
TICK: 7577624
ip= 6 [1120, 960, 973, 973, 0, 6] addi [5, 1, 5] [1120, 960, 973, 973, 0, 7]
TICK: 7577625
ip= 8 [1120, 960, 973, 973, 0, 8] addi [1, 1, 1] [1120, 961, 973, 973, 0, 8]
TICK: 7577626
ip= 9 [1120, 961, 973, 973, 0, 9] gtrr [1, 3, 4] [1120, 961, 973, 973, 0, 9]
TICK: 7577627
ip=10 [1120, 961, 973, 973, 0, 10] addr [5, 4, 5] [1120, 961, 973, 973, 0, 10]
TICK: 7577628
ip=11 [1120, 961, 973, 973, 0, 11] seti [2, 8, 5] [1120, 961, 973, 973, 0, 2]
TICK: 7577629
ip= 3 [1120, 961, 973, 973, 0, 3] mulr [2, 1, 4] [1120, 961, 973, 973, 935053, 3]
TICK: 7577630
ip= 4 [1120, 961, 973, 973, 935053, 4] eqrr [4, 3, 4] [1120, 961, 973, 973, 0, 4]
TICK: 7577631
ip= 5 [1120, 961, 973, 973, 0, 5] addr [4, 5, 5] [1120, 961, 973, 973, 0, 5]
TICK: 7577632
ip= 6 [1120, 961, 973, 973, 0, 6] addi [5, 1, 5] [1120, 961, 973, 973, 0, 7]
TICK: 7577633
ip= 8 [1120, 961, 973, 973, 0, 8] addi [1, 1, 1] [1120, 962, 973, 973, 0, 8]
TICK: 7577634
ip= 9 [1120, 962, 973, 973, 0, 9] gtrr [1, 3, 4] [1120, 962, 973, 973, 0, 9]
TICK: 7577635
ip=10 [1120, 962, 973, 973, 0, 10] addr [5, 4, 5] [1120, 962, 973, 973, 0, 10]
TICK: 7577636
ip=11 [1120, 962, 973, 973, 0, 11] seti [2, 8, 5] [1120, 962, 973, 973, 0, 2]
TICK: 7577637
ip= 3 [1120, 962, 973, 973, 0, 3] mulr [2, 1, 4] [1120, 962, 973, 973, 936026, 3]
TICK: 7577638
ip= 4 [1120, 962, 973, 973, 936026, 4] eqrr [4, 3, 4] [1120, 962, 973, 973, 0, 4]
TICK: 7577639
ip= 5 [1120, 962, 973, 973, 0, 5] addr [4, 5, 5] [1120, 962, 973, 973, 0, 5]
TICK: 7577640
ip= 6 [1120, 962, 973, 973, 0, 6] addi [5, 1, 5] [1120, 962, 973, 973, 0, 7]
TICK: 7577641
ip= 8 [1120, 962, 973, 973, 0, 8] addi [1, 1, 1] [1120, 963, 973, 973, 0, 8]
TICK: 7577642
ip= 9 [1120, 963, 973, 973, 0, 9] gtrr [1, 3, 4] [1120, 963, 973, 973, 0, 9]
TICK: 7577643
ip=10 [1120, 963, 973, 973, 0, 10] addr [5, 4, 5] [1120, 963, 973, 973, 0, 10]
TICK: 7577644
ip=11 [1120, 963, 973, 973, 0, 11] seti [2, 8, 5] [1120, 963, 973, 973, 0, 2]
TICK: 7577645
ip= 3 [1120, 963, 973, 973, 0, 3] mulr [2, 1, 4] [1120, 963, 973, 973, 936999, 3]
TICK: 7577646
ip= 4 [1120, 963, 973, 973, 936999, 4] eqrr [4, 3, 4] [1120, 963, 973, 973, 0, 4]
TICK: 7577647
ip= 5 [1120, 963, 973, 973, 0, 5] addr [4, 5, 5] [1120, 963, 973, 973, 0, 5]
TICK: 7577648
ip= 6 [1120, 963, 973, 973, 0, 6] addi [5, 1, 5] [1120, 963, 973, 973, 0, 7]
TICK: 7577649
ip= 8 [1120, 963, 973, 973, 0, 8] addi [1, 1, 1] [1120, 964, 973, 973, 0, 8]
TICK: 7577650
ip= 9 [1120, 964, 973, 973, 0, 9] gtrr [1, 3, 4] [1120, 964, 973, 973, 0, 9]
TICK: 7577651
ip=10 [1120, 964, 973, 973, 0, 10] addr [5, 4, 5] [1120, 964, 973, 973, 0, 10]
TICK: 7577652
ip=11 [1120, 964, 973, 973, 0, 11] seti [2, 8, 5] [1120, 964, 973, 973, 0, 2]
TICK: 7577653
ip= 3 [1120, 964, 973, 973, 0, 3] mulr [2, 1, 4] [1120, 964, 973, 973, 937972, 3]
TICK: 7577654
ip= 4 [1120, 964, 973, 973, 937972, 4] eqrr [4, 3, 4] [1120, 964, 973, 973, 0, 4]
TICK: 7577655
ip= 5 [1120, 964, 973, 973, 0, 5] addr [4, 5, 5] [1120, 964, 973, 973, 0, 5]
TICK: 7577656
ip= 6 [1120, 964, 973, 973, 0, 6] addi [5, 1, 5] [1120, 964, 973, 973, 0, 7]
TICK: 7577657
ip= 8 [1120, 964, 973, 973, 0, 8] addi [1, 1, 1] [1120, 965, 973, 973, 0, 8]
TICK: 7577658
ip= 9 [1120, 965, 973, 973, 0, 9] gtrr [1, 3, 4] [1120, 965, 973, 973, 0, 9]
TICK: 7577659
ip=10 [1120, 965, 973, 973, 0, 10] addr [5, 4, 5] [1120, 965, 973, 973, 0, 10]
TICK: 7577660
ip=11 [1120, 965, 973, 973, 0, 11] seti [2, 8, 5] [1120, 965, 973, 973, 0, 2]
TICK: 7577661
ip= 3 [1120, 965, 973, 973, 0, 3] mulr [2, 1, 4] [1120, 965, 973, 973, 938945, 3]
TICK: 7577662
ip= 4 [1120, 965, 973, 973, 938945, 4] eqrr [4, 3, 4] [1120, 965, 973, 973, 0, 4]
TICK: 7577663
ip= 5 [1120, 965, 973, 973, 0, 5] addr [4, 5, 5] [1120, 965, 973, 973, 0, 5]
TICK: 7577664
ip= 6 [1120, 965, 973, 973, 0, 6] addi [5, 1, 5] [1120, 965, 973, 973, 0, 7]
TICK: 7577665
ip= 8 [1120, 965, 973, 973, 0, 8] addi [1, 1, 1] [1120, 966, 973, 973, 0, 8]
TICK: 7577666
ip= 9 [1120, 966, 973, 973, 0, 9] gtrr [1, 3, 4] [1120, 966, 973, 973, 0, 9]
TICK: 7577667
ip=10 [1120, 966, 973, 973, 0, 10] addr [5, 4, 5] [1120, 966, 973, 973, 0, 10]
TICK: 7577668
ip=11 [1120, 966, 973, 973, 0, 11] seti [2, 8, 5] [1120, 966, 973, 973, 0, 2]
TICK: 7577669
ip= 3 [1120, 966, 973, 973, 0, 3] mulr [2, 1, 4] [1120, 966, 973, 973, 939918, 3]
TICK: 7577670
ip= 4 [1120, 966, 973, 973, 939918, 4] eqrr [4, 3, 4] [1120, 966, 973, 973, 0, 4]
TICK: 7577671
ip= 5 [1120, 966, 973, 973, 0, 5] addr [4, 5, 5] [1120, 966, 973, 973, 0, 5]
TICK: 7577672
ip= 6 [1120, 966, 973, 973, 0, 6] addi [5, 1, 5] [1120, 966, 973, 973, 0, 7]
TICK: 7577673
ip= 8 [1120, 966, 973, 973, 0, 8] addi [1, 1, 1] [1120, 967, 973, 973, 0, 8]
TICK: 7577674
ip= 9 [1120, 967, 973, 973, 0, 9] gtrr [1, 3, 4] [1120, 967, 973, 973, 0, 9]
TICK: 7577675
ip=10 [1120, 967, 973, 973, 0, 10] addr [5, 4, 5] [1120, 967, 973, 973, 0, 10]
TICK: 7577676
ip=11 [1120, 967, 973, 973, 0, 11] seti [2, 8, 5] [1120, 967, 973, 973, 0, 2]
TICK: 7577677
ip= 3 [1120, 967, 973, 973, 0, 3] mulr [2, 1, 4] [1120, 967, 973, 973, 940891, 3]
TICK: 7577678
ip= 4 [1120, 967, 973, 973, 940891, 4] eqrr [4, 3, 4] [1120, 967, 973, 973, 0, 4]
TICK: 7577679
ip= 5 [1120, 967, 973, 973, 0, 5] addr [4, 5, 5] [1120, 967, 973, 973, 0, 5]
TICK: 7577680
ip= 6 [1120, 967, 973, 973, 0, 6] addi [5, 1, 5] [1120, 967, 973, 973, 0, 7]
TICK: 7577681
ip= 8 [1120, 967, 973, 973, 0, 8] addi [1, 1, 1] [1120, 968, 973, 973, 0, 8]
TICK: 7577682
ip= 9 [1120, 968, 973, 973, 0, 9] gtrr [1, 3, 4] [1120, 968, 973, 973, 0, 9]
TICK: 7577683
ip=10 [1120, 968, 973, 973, 0, 10] addr [5, 4, 5] [1120, 968, 973, 973, 0, 10]
TICK: 7577684
ip=11 [1120, 968, 973, 973, 0, 11] seti [2, 8, 5] [1120, 968, 973, 973, 0, 2]
TICK: 7577685
ip= 3 [1120, 968, 973, 973, 0, 3] mulr [2, 1, 4] [1120, 968, 973, 973, 941864, 3]
TICK: 7577686
ip= 4 [1120, 968, 973, 973, 941864, 4] eqrr [4, 3, 4] [1120, 968, 973, 973, 0, 4]
TICK: 7577687
ip= 5 [1120, 968, 973, 973, 0, 5] addr [4, 5, 5] [1120, 968, 973, 973, 0, 5]
TICK: 7577688
ip= 6 [1120, 968, 973, 973, 0, 6] addi [5, 1, 5] [1120, 968, 973, 973, 0, 7]
TICK: 7577689
ip= 8 [1120, 968, 973, 973, 0, 8] addi [1, 1, 1] [1120, 969, 973, 973, 0, 8]
TICK: 7577690
ip= 9 [1120, 969, 973, 973, 0, 9] gtrr [1, 3, 4] [1120, 969, 973, 973, 0, 9]
TICK: 7577691
ip=10 [1120, 969, 973, 973, 0, 10] addr [5, 4, 5] [1120, 969, 973, 973, 0, 10]
TICK: 7577692
ip=11 [1120, 969, 973, 973, 0, 11] seti [2, 8, 5] [1120, 969, 973, 973, 0, 2]
TICK: 7577693
ip= 3 [1120, 969, 973, 973, 0, 3] mulr [2, 1, 4] [1120, 969, 973, 973, 942837, 3]
TICK: 7577694
ip= 4 [1120, 969, 973, 973, 942837, 4] eqrr [4, 3, 4] [1120, 969, 973, 973, 0, 4]
TICK: 7577695
ip= 5 [1120, 969, 973, 973, 0, 5] addr [4, 5, 5] [1120, 969, 973, 973, 0, 5]
TICK: 7577696
ip= 6 [1120, 969, 973, 973, 0, 6] addi [5, 1, 5] [1120, 969, 973, 973, 0, 7]
TICK: 7577697
ip= 8 [1120, 969, 973, 973, 0, 8] addi [1, 1, 1] [1120, 970, 973, 973, 0, 8]
TICK: 7577698
ip= 9 [1120, 970, 973, 973, 0, 9] gtrr [1, 3, 4] [1120, 970, 973, 973, 0, 9]
TICK: 7577699
ip=10 [1120, 970, 973, 973, 0, 10] addr [5, 4, 5] [1120, 970, 973, 973, 0, 10]
TICK: 7577700
ip=11 [1120, 970, 973, 973, 0, 11] seti [2, 8, 5] [1120, 970, 973, 973, 0, 2]
TICK: 7577701
ip= 3 [1120, 970, 973, 973, 0, 3] mulr [2, 1, 4] [1120, 970, 973, 973, 943810, 3]
TICK: 7577702
ip= 4 [1120, 970, 973, 973, 943810, 4] eqrr [4, 3, 4] [1120, 970, 973, 973, 0, 4]
TICK: 7577703
ip= 5 [1120, 970, 973, 973, 0, 5] addr [4, 5, 5] [1120, 970, 973, 973, 0, 5]
TICK: 7577704
ip= 6 [1120, 970, 973, 973, 0, 6] addi [5, 1, 5] [1120, 970, 973, 973, 0, 7]
TICK: 7577705
ip= 8 [1120, 970, 973, 973, 0, 8] addi [1, 1, 1] [1120, 971, 973, 973, 0, 8]
TICK: 7577706
ip= 9 [1120, 971, 973, 973, 0, 9] gtrr [1, 3, 4] [1120, 971, 973, 973, 0, 9]
TICK: 7577707
ip=10 [1120, 971, 973, 973, 0, 10] addr [5, 4, 5] [1120, 971, 973, 973, 0, 10]
TICK: 7577708
ip=11 [1120, 971, 973, 973, 0, 11] seti [2, 8, 5] [1120, 971, 973, 973, 0, 2]
TICK: 7577709
ip= 3 [1120, 971, 973, 973, 0, 3] mulr [2, 1, 4] [1120, 971, 973, 973, 944783, 3]
TICK: 7577710
ip= 4 [1120, 971, 973, 973, 944783, 4] eqrr [4, 3, 4] [1120, 971, 973, 973, 0, 4]
TICK: 7577711
ip= 5 [1120, 971, 973, 973, 0, 5] addr [4, 5, 5] [1120, 971, 973, 973, 0, 5]
TICK: 7577712
ip= 6 [1120, 971, 973, 973, 0, 6] addi [5, 1, 5] [1120, 971, 973, 973, 0, 7]
TICK: 7577713
ip= 8 [1120, 971, 973, 973, 0, 8] addi [1, 1, 1] [1120, 972, 973, 973, 0, 8]
TICK: 7577714
ip= 9 [1120, 972, 973, 973, 0, 9] gtrr [1, 3, 4] [1120, 972, 973, 973, 0, 9]
TICK: 7577715
ip=10 [1120, 972, 973, 973, 0, 10] addr [5, 4, 5] [1120, 972, 973, 973, 0, 10]
TICK: 7577716
ip=11 [1120, 972, 973, 973, 0, 11] seti [2, 8, 5] [1120, 972, 973, 973, 0, 2]
TICK: 7577717
ip= 3 [1120, 972, 973, 973, 0, 3] mulr [2, 1, 4] [1120, 972, 973, 973, 945756, 3]
TICK: 7577718
ip= 4 [1120, 972, 973, 973, 945756, 4] eqrr [4, 3, 4] [1120, 972, 973, 973, 0, 4]
TICK: 7577719
ip= 5 [1120, 972, 973, 973, 0, 5] addr [4, 5, 5] [1120, 972, 973, 973, 0, 5]
TICK: 7577720
ip= 6 [1120, 972, 973, 973, 0, 6] addi [5, 1, 5] [1120, 972, 973, 973, 0, 7]
TICK: 7577721
ip= 8 [1120, 972, 973, 973, 0, 8] addi [1, 1, 1] [1120, 973, 973, 973, 0, 8]
TICK: 7577722
ip= 9 [1120, 973, 973, 973, 0, 9] gtrr [1, 3, 4] [1120, 973, 973, 973, 0, 9]
TICK: 7577723
ip=10 [1120, 973, 973, 973, 0, 10] addr [5, 4, 5] [1120, 973, 973, 973, 0, 10]
TICK: 7577724
ip=11 [1120, 973, 973, 973, 0, 11] seti [2, 8, 5] [1120, 973, 973, 973, 0, 2]
TICK: 7577725
ip= 3 [1120, 973, 973, 973, 0, 3] mulr [2, 1, 4] [1120, 973, 973, 973, 946729, 3]
TICK: 7577726
ip= 4 [1120, 973, 973, 973, 946729, 4] eqrr [4, 3, 4] [1120, 973, 973, 973, 0, 4]
TICK: 7577727
ip= 5 [1120, 973, 973, 973, 0, 5] addr [4, 5, 5] [1120, 973, 973, 973, 0, 5]
TICK: 7577728
ip= 6 [1120, 973, 973, 973, 0, 6] addi [5, 1, 5] [1120, 973, 973, 973, 0, 7]
TICK: 7577729
ip= 8 [1120, 973, 973, 973, 0, 8] addi [1, 1, 1] [1120, 974, 973, 973, 0, 8]
TICK: 7577730
ip= 9 [1120, 974, 973, 973, 0, 9] gtrr [1, 3, 4] [1120, 974, 973, 973, 1, 9]
TICK: 7577731
ip=10 [1120, 974, 973, 973, 1, 10] addr [5, 4, 5] [1120, 974, 973, 973, 1, 11]
TICK: 7577732
ip=12 [1120, 974, 973, 973, 1, 12] addi [2, 1, 2] [1120, 974, 974, 973, 1, 12]
TICK: 7577733
ip=13 [1120, 974, 974, 973, 1, 13] gtrr [2, 3, 4] [1120, 974, 974, 973, 1, 13]
TICK: 7577734
ip=14 [1120, 974, 974, 973, 1, 14] addr [4, 5, 5] [1120, 974, 974, 973, 1, 15]
TICK: 7577735
ip=16 [1120, 974, 974, 973, 1, 16] mulr [5, 5, 5] [1120, 974, 974, 973, 1, 256]
TICK: 7577736
Stopping at tick 7577736
Reg0 is 1120
